stop_id,stop_code,stop_name,stop_desc,stop_lat,stop_lon,zone_id,stop_url,location_type,parent_station,stop_timezone,wheelchair_boarding,platform_code
1,,青葉幼稚園前,,35.597767,139.507068,,,1,,,,
10,,生田高校前,,35.601060,139.540118,,,1,,,,
100,,河原町,,35.541776,139.694134,,,1,,,,
101,,河原町団地前,,35.540477,139.696679,,,1,,,,
102,,観音一丁目,,35.529549,139.726884,,,1,,,,
103,,観音二丁目川崎大師口,,35.529628,139.729152,,,1,,,,
106,,北浦,,35.629887,139.537443,,,1,,,,
107,,北加瀬,,35.552508,139.659280,,,1,,,,
108,,北加瀬三丁目,,35.556664,139.662761,,,1,,,,
11,,生田宿,,35.618838,139.556079,,,1,,,,
110,,北谷町,,35.561788,139.673559,,,1,,,,
112,,木月上之町,,35.562797,139.648452,,,1,,,,
114,,木月住吉,,35.564872,139.658629,,,1,,,,
115,,木月天王森,,35.561724,139.650008,,,1,,,,
116,,木月四丁目,,35.561625,139.654313,,,1,,,,
117,,カルッツかわさき・富士見公園,,35.529199,139.707936,,,1,,,,
118,,玉川小学校前,,35.563595,139.672304,,,1,,,,
119,,切通し上,,35.606498,139.575143,,,1,,,,
12,,池藤橋,,35.524613,139.725170,,,1,,,,
120,,銀柳街入口,,35.530786,139.700677,,,1,,,,
121,,久地,,35.609477,139.600109,,,1,,,,
122,,久地駅前,,35.610801,139.592578,,,1,,,,
123,,久地消防前,,35.610216,139.595638,,,1,,,,
124,,蔵前,,35.591464,139.643608,,,1,,,,
125,,麻生スポーツセンター入口,,35.600557,139.507181,,,1,,,,
126,,栗田病院前,,35.539622,139.666789,,,1,,,,
127,,栗谷三丁目,,35.611778,139.537828,,,1,,,,
128,,栗谷町会会館下,,35.608605,139.536314,,,1,,,,
129,,栗谷町会会館前,,35.610211,139.537017,,,1,,,,
130,,栗谷二丁目,,35.608938,139.534172,,,1,,,,
131,,栗谷四丁目,,35.610542,139.538686,,,1,,,,
132,,競輪場前,,35.529347,139.710598,,,1,,,,
134,,県営久末,,35.561797,139.619688,,,1,,,,
135,,鋼管通三丁目,,35.513707,139.712767,,,1,,,,
137,,市営埠頭,,35.518354,139.750960,,,1,,,,
138,,黄金塚,,35.593675,139.642525,,,1,,,,
139,,越路,,35.550140,139.659141,,,1,,,,
140,,五所塚,,35.604570,139.575797,,,1,,,,
141,,小杉駅前,,35.576997,139.659518,,,1,,,,
142,,小杉御殿町,,35.577118,139.653905,,,1,,,,
143,,小杉十字路,,35.582188,139.650899,,,1,,,,
144,,小杉町,,35.577249,139.656531,,,1,,,,
145,,小杉二丁目,,35.578780,139.654943,,,1,,,,
146,,五反田橋,,35.572428,139.620823,,,1,,,,
147,,琴平下,,35.581177,139.517052,,,1,,,,
148,,小林運送前,,35.496620,139.759272,,,1,,,,
149,,小向,,35.548350,139.694664,,,1,,,,
150,,小向交番前,,35.548865,139.693292,,,1,,,,
151,,小向西町,,35.545902,139.686287,,,1,,,,
152,,西福寺前,,35.581566,139.608403,,,1,,,,
153,,西明寺前,,35.582161,139.654564,,,1,,,,
154,,幸区役所入口,,35.545237,139.688108,,,1,,,,
155,,幸警察署前,,35.536085,139.687992,,,1,,,,
156,,幸町二丁目,,35.536839,139.699373,,,1,,,,
157,,鷺沼駅,,35.579115,139.573279,,,1,,,,
158,,桜橋,,35.518401,139.725349,,,1,,,,
159,,桜本,,35.520737,139.728639,,,1,,,,
16,,東扇島二十番地,,35.503540,139.767437,,,1,,,,
160,,下綱,,35.610087,139.588780,,,1,,,,
162,,サントリー前,,35.577609,139.648226,,,1,,,,
163,,山王町,,35.578414,139.667740,,,1,,,,
164,,山王町一丁目,,35.577176,139.664685,,,1,,,,
165,,山王町二丁目,,35.575729,139.667978,,,1,,,,
167,,市営等々力グランド入口,,35.583994,139.648256,,,1,,,,
168,,市営等々力グランド前,,35.585182,139.647200,,,1,,,,
169,,ポートサイドカワサキ,,35.513638,139.752668,,,1,,,,
17,,和泉,,35.627162,139.562131,,,1,,,,
170,,塩浜,,35.525463,139.747570,,,1,,,,
171,,塩浜営業所前,,35.526152,139.740637,,,1,,,,
172,,潮見台,,35.593062,139.529419,,,1,,,,
173,,潮見台浄水場前,,35.595419,139.537029,,,1,,,,
175,,児童公園前,,35.583489,139.629193,,,1,,,,
178,,子母口,,35.573427,139.629079,,,1,,,,
179,,子母口住宅前,,35.570445,139.629035,,,1,,,,
18,,井田,,35.564824,139.641378,,,1,,,,
180,,子母口小学校入口,,35.570193,139.634516,,,1,,,,
181,,子母口新田,,35.574137,139.632103,,,1,,,,
182,,子母口新道,,35.572459,139.631150,,,1,,,,
183,,神木不動,,35.602963,139.579979,,,1,,,,
184,,神木本町,,35.601189,139.582442,,,1,,,,
185,,清水台,,35.590522,139.554969,,,1,,,,
186,,市民プラザ,,35.584990,139.609567,,,1,,,,
187,,市民プラザ線溝口駅,,35.596887,139.612798,,,1,,,,
188,,市民ミュージアム,,35.589530,139.648355,,,1,,,,
189,,市民ミュージアム前,,35.589128,139.646451,,,1,,,,
19,,井田営業所前,,35.565673,139.639301,,,1,,,,
190,,下有馬,,35.571120,139.591491,,,1,,,,
191,,下作住宅前,,35.599723,139.600024,,,1,,,,
192,,下新城,,35.578425,139.633242,,,1,,,,
193,,下沼部,,35.573924,139.669702,,,1,,,,
195,,下平間,,35.553660,139.679516,,,1,,,,
196,,下平間住宅前,,35.550828,139.681256,,,1,,,,
197,,下枠鼻,,35.592198,139.639991,,,1,,,,
198,,市役所前,,35.530295,139.702502,,,1,,,,
199,,宿河原,,35.614110,139.576603,,,1,,,,
2,,明津,,35.568398,139.636800,,,1,,,,
200,,宿河原駅入口,,35.616126,139.577475,,,1,,,,
201,,多摩病院前,,35.620442,139.572384,,,1,,,,
202,,宿河原小学校前,,35.616420,139.574442,,,1,,,,
203,,春秋苑入口,,35.606308,139.540609,,,1,,,,
204,,正教寺前,,35.541001,139.689491,,,1,,,,
205,,成就院前,,35.517829,139.705090,,,1,,,,
207,,昭和駅前,,35.505929,139.724861,,,1,,,,
208,,渡田小学校前,,35.514872,139.709800,,,1,,,,
21,,井田小学校入口,,35.563215,139.646650,,,1,,,,
210,,白井坂,,35.589825,139.565733,,,1,,,,
211,,白幡八幡前,,35.597562,139.572334,,,1,,,,
212,,市立川崎高校前,,35.527476,139.713737,,,1,,,,
213,,幸高校前,,35.541547,139.686862,,,1,,,,
214,,城下,,35.633414,139.530497,,,1,,,,
215,,新川崎駅,,35.551748,139.671600,,,1,,,,
216,,新作,,35.586202,139.619024,,,1,,,,
217,,新作八幡下,,35.584106,139.617296,,,1,,,,
218,,新城,,35.578730,139.635509,,,1,,,,
219,,新城駅前（北口）,,35.587643,139.629530,,,1,,,,
22,,井田消防前,,35.563656,139.644749,,,1,,,,
220,,新城神社前,,35.583276,139.633153,,,1,,,,
221,,新平瀬橋,,35.608014,139.604839,,,1,,,,
222,,真福寺,,35.584800,139.506883,,,1,,,,
223,,新船島橋,,35.618069,139.576189,,,1,,,,
224,,新丸子駅西口,,35.579984,139.661522,,,1,,,,
225,,神明社前,,35.571630,139.580889,,,1,,,,
226,,神明町,,35.540917,139.691425,,,1,,,,
227,,神明町平安会館さいわい前,,35.538229,139.688642,,,1,,,,
229,,新百合丘駅前,,35.603232,139.508170,,,1,,,,
23,,井田病院,,35.559494,139.639678,,,1,,,,
231,,森林公園前,,35.601272,139.588997,,,1,,,,
232,,末長,,35.589033,139.617304,,,1,,,,
233,,菅生三丁目,,35.597070,139.546503,,,1,,,,
234,,菅生車庫,,35.589019,139.558081,,,1,,,,
235,,菅生小学校入口,,35.595997,139.558308,,,1,,,,
236,,菅生中学校,,35.598380,139.554636,,,1,,,,
237,,姿見台,,35.591143,139.604821,,,1,,,,
238,,杉山神社入口,,35.545718,139.670907,,,1,,,,
239,,菅北浦三丁目,,35.631210,139.530007,,,1,,,,
240,,菅仙谷公園前,,35.628486,139.529280,,,1,,,,
241,,盛源寺,,35.602564,139.545382,,,1,,,,
242,,聖マリアンナ医科大学前,,35.600672,139.547808,,,1,,,,
243,,聖マリアンナ医大入口,,35.602048,139.548206,,,1,,,,
244,,聖マリアンナ医大下,,35.596948,139.549970,,,1,,,,
245,,堰下,,35.598949,139.573570,,,1,,,,
247,,東扇島北公園入口,,35.501523,139.758058,,,1,,,,
248,,洗足学園前,,35.594566,139.613931,,,1,,,,
249,,全竜寺前,,35.576255,139.633255,,,1,,,,
25,,稲田堤駅入口,,35.632178,139.534257,,,1,,,,
250,,中央療育センター前,,35.564161,139.635632,,,1,,,,
251,,蔵敷,,35.595623,139.554480,,,1,,,,
252,,蔵敷団地,,35.592466,139.554351,,,1,,,,
254,,ソリッドスクエア前,,35.534879,139.698805,,,1,,,,
255,,第三京浜入口,,35.591129,139.621238,,,1,,,,
257,,大同特殊鋼前,,35.523167,139.746035,,,1,,,,
258,,台町,,35.529748,139.732075,,,1,,,,
259,,平,,35.599568,139.569495,,,1,,,,
26,,稲荷坂,,35.567252,139.600745,,,1,,,,
260,,たいら高山,,35.604197,139.567788,,,1,,,,
261,,平橋,,35.599737,139.578181,,,1,,,,
262,,ダイワコーポレーション前,,35.494528,139.760816,,,1,,,,
263,,タカセセンター前,,35.503408,139.764605,,,1,,,,
264,,高田町,,35.558780,139.612795,,,1,,,,
265,,高津,,35.604002,139.613752,,,1,,,,
267,,高津区役所前,,35.599904,139.607705,,,1,,,,
268,,高津高校前,,35.595908,139.615404,,,1,,,,
269,,鷹巣橋,,35.567734,139.628943,,,1,,,,
27,,犬蔵,,35.587508,139.565891,,,1,,,,
270,,東扇島十八番地,,35.502951,139.761207,,,1,,,,
271,,田島町,,35.518378,139.709639,,,1,,,,
272,,田尻町,,35.560986,139.672964,,,1,,,,
273,,橘出張所前,,35.582778,139.620224,,,1,,,,
274,,橘小学校,,35.581212,139.622360,,,1,,,,
275,,多摩区役所前,,35.619406,139.561785,,,1,,,,
276,,多摩警察署前,,35.617336,139.559094,,,1,,,,
277,,多摩消防署前,,35.618919,139.559509,,,1,,,,
278,,千年,,35.576769,139.627360,,,1,,,,
279,,千年北浦,,35.579703,139.623772,,,1,,,,
28,,犬蔵公民館前,,35.588394,139.561833,,,1,,,,
280,,千年住宅前,,35.573160,139.620996,,,1,,,,
281,,千年新町,,35.580592,139.628750,,,1,,,,
283,,中原老人福祉センター入口,,35.562186,139.639537,,,1,,,,
284,,田園調布学園大学前,,35.593771,139.525619,,,1,,,,
285,,塚越,,35.543598,139.679900,,,1,,,,
286,,塚越交番前,,35.543068,139.681758,,,1,,,,
287,,塚戸,,35.628585,139.539583,,,1,,,,
288,,土橋,,35.587581,139.573542,,,1,,,,
289,,土橋神社前,,35.586048,139.576535,,,1,,,,
29,,犬蔵小学校前,,35.591815,139.567062,,,1,,,,
290,,土渕,,35.624261,139.544673,,,1,,,,
292,,天神台,,35.559732,139.679383,,,1,,,,
293,,天王下,,35.594323,139.539215,,,1,,,,
294,,天満天神社前,,35.552551,139.688455,,,1,,,,
295,,東亜石油前,,35.510873,139.739568,,,1,,,,
296,,東扇島二十三番地,,35.498648,139.770466,,,1,,,,
298,,ＪＥＲＡ川崎火力発電所前,,35.516177,139.757889,,,1,,,,
299,,千鳥町北,,35.519770,139.756531,,,1,,,,
3,,麻生不動入口,,35.580990,139.508819,,,1,,,,
30,,イノ木,,35.565607,139.622739,,,1,,,,
300,,京セラ前,,35.514068,139.754909,,,1,,,,
301,,東名向丘入口,,35.594866,139.571076,,,1,,,,
303,,かわさき記念病院前,,35.593657,139.532226,,,1,,,,
304,,戸手アパート前,,35.543853,139.696206,,,1,,,,
305,,戸手一丁目,,35.545794,139.691980,,,1,,,,
306,,戸手小学校前,,35.542307,139.684294,,,1,,,,
307,,とのした橋,,35.601347,139.585750,,,1,,,,
31,,今井上町,,35.577117,139.650179,,,1,,,,
312,,中有馬,,35.571961,139.584553,,,1,,,,
313,,長尾,,35.609583,139.581542,,,1,,,,
314,,長尾橋,,35.610297,139.576059,,,1,,,,
315,,中幸町,,35.535086,139.691354,,,1,,,,
316,,中幸町三丁目,,35.534815,139.694673,,,1,,,,
317,,長沢,,35.601876,139.552037,,,1,,,,
318,,長沢入口,,35.593482,139.523519,,,1,,,,
319,,長沢団地,,35.603028,139.541302,,,1,,,,
32,,入江崎温水プール前,,35.520883,139.743472,,,1,,,,
320,,長沢中学校下,,35.596555,139.525711,,,1,,,,
321,,長芝橋,,35.609638,139.586442,,,1,,,,
322,,中島交番前,,35.529556,139.716374,,,1,,,,
323,,中新城,,35.584290,139.636755,,,1,,,,
324,,中野島公社住宅前,,35.628011,139.560297,,,1,,,,
326,,中ノ原住宅前,,35.543397,139.661264,,,1,,,,
327,,中原,,35.580266,139.641920,,,1,,,,
328,,中原駅入口,,35.580539,139.638013,,,1,,,,
329,,中原駅前,,35.581544,139.641137,,,1,,,,
33,,入江崎水処理センター前,,35.518398,139.740198,,,1,,,,
330,,中原会館,,35.579941,139.643708,,,1,,,,
332,,中町,,35.568117,139.672050,,,1,,,,
333,,中丸子,,35.565362,139.672705,,,1,,,,
334,,中丸子商店街,,35.566345,139.670655,,,1,,,,
335,,中丸子神社前,,35.568071,139.670315,,,1,,,,
336,,中丸子西町,,35.570591,139.669636,,,1,,,,
337,,梨木団地入口,,35.585086,139.517711,,,1,,,,
338,,中島二丁目,,35.529571,139.719350,,,1,,,,
339,,南平,,35.593577,139.570035,,,1,,,,
34,,岩川,,35.577721,139.628634,,,1,,,,
340,,西ヶ崎橋,,35.571493,139.624303,,,1,,,,
341,,西加瀬,,35.559763,139.662180,,,1,,,,
342,,西下橋,,35.591943,139.637480,,,1,,,,
343,,西菅団地,,35.622919,139.525809,,,1,,,,
344,,西長沢,,35.598856,139.532997,,,1,,,,
345,,西原,,35.559034,139.614133,,,1,,,,
346,,西平台,,35.583831,139.585588,,,1,,,,
347,,西水江,,35.513993,139.737880,,,1,,,,
348,,日光,,35.594673,139.507323,,,1,,,,
349,,日生住宅,,35.592620,139.514787,,,1,,,,
350,,ENEOS株式会社塩浜,,35.525066,139.749958,,,1,,,,
351,,千鳥町,,35.517794,139.757285,,,1,,,,
352,,日本食肉流通センター,,35.496791,139.766326,,,1,,,,
353,,日本触媒前,,35.521920,139.754025,,,1,,,,
355,,子の神,,35.570959,139.599083,,,1,,,,
356,,能満寺,,35.574799,139.620968,,,1,,,,
357,,野川,,35.573039,139.617324,,,1,,,,
358,,野川くぬぎ坂,,35.570769,139.615964,,,1,,,,
359,,野川小学校前,,35.574961,139.612144,,,1,,,,
360,,野川中里,,35.579866,139.610709,,,1,,,,
361,,野川郵便局前,,35.573193,139.614021,,,1,,,,
362,,登戸駅（生田緑地口）,,35.620400,139.569939,,,1,,,,
363,,登戸駅（溝０６、登１４系統）,,35.619679,139.568804,,,1,,,,
364,,登戸第１公園前,,35.622273,139.566662,,,1,,,,
365,,登戸駅多摩川口,,35.621171,139.569800,,,1,,,,
366,,登戸新町,,35.625560,139.562938,,,1,,,,
367,,梅林,,35.606915,139.609071,,,1,,,,
368,,白山一丁目,,35.589751,139.512161,,,1,,,,
369,,白山北緑地前,,35.591402,139.513508,,,1,,,,
370,,白山神社,,35.588527,139.511325,,,1,,,,
371,,日本映画大学,,35.591543,139.511100,,,1,,,,
372,,橋下,,35.623055,139.565185,,,1,,,,
373,,八幡神社前,,35.561250,139.675131,,,1,,,,
374,,八幡町,,35.580390,139.667202,,,1,,,,
375,,初山,,35.599915,139.566181,,,1,,,,
376,,花島,,35.582751,139.507266,,,1,,,,
377,,浜町三丁目,,35.516143,139.719803,,,1,,,,
378,,浜町二丁目,,35.514122,139.720308,,,1,,,,
379,,浜町四丁目,,35.514847,139.722341,,,1,,,,
380,,原ヶ谷,,35.600367,139.570056,,,1,,,,
381,,稗原,,35.593950,139.537131,,,1,,,,
382,,稗原小学校前,,35.596374,139.542877,,,1,,,,
383,,東扇島福利厚生センター前,,35.495551,139.758082,,,1,,,,
384,,東有馬第一団地前,,35.571621,139.595041,,,1,,,,
385,,東扇島十七番地,,35.500229,139.756872,,,1,,,,
386,,東小倉,,35.543879,139.675975,,,1,,,,
387,,東小倉小学校,,35.546209,139.674061,,,1,,,,
388,,東柿生小学校,,35.579719,139.510709,,,1,,,,
389,,東苅宿,,35.559680,139.664947,,,1,,,,
39,,裏門坂,,35.586788,139.518809,,,1,,,,
390,,東住吉小学校,,35.569038,139.658634,,,1,,,,
391,,東土渕,,35.622846,139.547558,,,1,,,,
392,,東長沢,,35.601904,139.542147,,,1,,,,
393,,東平台,,35.582923,139.590238,,,1,,,,
395,,東古市場,,35.551833,139.692237,,,1,,,,
396,,久末,,35.564805,139.611192,,,1,,,,
397,,久末住宅前,,35.571367,139.621431,,,1,,,,
398,,久末団地,,35.560652,139.615109,,,1,,,,
399,,久末谷戸,,35.567769,139.625452,,,1,,,,
4,,川崎港郵便局前,,35.512363,139.721121,,,1,,,,
400,,久本,,35.595716,139.613350,,,1,,,,
401,,王禅寺東三丁目,,35.586760,139.521310,,,1,,,,
402,,日立造船入口,,35.508897,139.740641,,,1,,,,
404,,日吉,,35.590504,139.521509,,,1,,,,
405,,日吉小学校前,,35.549443,139.670050,,,1,,,,
406,,日吉中学校前,,35.554470,139.661071,,,1,,,,
407,,日吉ノ辻,,35.587994,139.523257,,,1,,,,
408,,平野,,35.607896,139.540896,,,1,,,,
409,,平間駅入口,,35.560937,139.669628,,,1,,,,
41,,江川町,,35.545654,139.660371,,,1,,,,
410,,平間駅前,,35.561230,139.670921,,,1,,,,
411,,平間銀座,,35.560300,139.674551,,,1,,,,
412,,平間小学校前,,35.556683,139.677185,,,1,,,,
413,,藤崎四丁目,,35.524794,139.721760,,,1,,,,
414,,藤崎一丁目,,35.529491,139.722900,,,1,,,,
415,,富士通裏門,,35.585797,139.640731,,,1,,,,
416,,富士通ゼネラル正門,,35.590567,139.619558,,,1,,,,
417,,富士通ゼネラル西門,,35.590513,139.617321,,,1,,,,
418,,富士見台,,35.592634,139.615085,,,1,,,,
419,,富士見台小学校前,,35.587102,139.579730,,,1,,,,
42,,高津中学校入口,,35.593320,139.618719,,,1,,,,
420,,古市場一丁目,,35.553189,139.686385,,,1,,,,
421,,古市場交番前,,35.555148,139.683150,,,1,,,,
422,,古市場二丁目,,35.555746,139.681540,,,1,,,,
423,,北部市場前,,35.592320,139.548938,,,1,,,,
424,,星が丘歩道橋,,35.626034,139.527180,,,1,,,,
425,,馬絹,,35.582127,139.594352,,,1,,,,
426,,馬絹神社前,,35.581478,139.598394,,,1,,,,
427,,丸子通二丁目,,35.582144,139.662163,,,1,,,,
428,,丸子橋,,35.583307,139.665025,,,1,,,,
429,,水江町,,35.506721,139.741812,,,1,,,,
43,,池上町,,35.517390,139.735941,,,1,,,,
430,,水沢一丁目,,35.592912,139.545016,,,1,,,,
431,,溝口,,35.601684,139.611604,,,1,,,,
433,,溝口駅前,,35.599493,139.611140,,,1,,,,
434,,溝口駅南口,,35.599092,139.610052,,,1,,,,
435,,三田橋,,35.573123,139.577677,,,1,,,,
436,,三田一丁目,,35.613002,139.539760,,,1,,,,
437,,三田四丁目,,35.610839,139.540848,,,1,,,,
438,,三井第四住宅,,35.588367,139.514997,,,1,,,,
44,,ＪＦＥ池上正門前,,35.519077,139.734154,,,1,,,,
440,,東扇島東公園前,,35.502191,139.769979,,,1,,,,
441,,三菱ふそう前,,35.557980,139.663175,,,1,,,,
442,,南生田一丁目,,35.606343,139.529381,,,1,,,,
443,,南生田三丁目,,35.603934,139.532990,,,1,,,,
444,,南生田小学校前,,35.607224,139.533708,,,1,,,,
445,,南生田二丁目,,35.605052,139.530903,,,1,,,,
446,,南生田保育園前,,35.606379,139.532430,,,1,,,,
447,,南生田四丁目,,35.602054,139.537044,,,1,,,,
448,,南加瀬交番前,,35.540200,139.662855,,,1,,,,
449,,南加瀬住宅前,,35.545332,139.663468,,,1,,,,
45,,ＪＦＥ扇島正門前,,35.507677,139.741312,,,1,,,,
450,,南幸町二丁目,,35.531949,139.690507,,,1,,,,
451,,南下平間,,35.548438,139.683081,,,1,,,,
452,,南野川,,35.566027,139.601833,,,1,,,,
454,,宮内,,35.587679,139.642375,,,1,,,,
455,,宮内公民館前,,35.589230,139.642740,,,1,,,,
457,,都町,,35.537086,139.691901,,,1,,,,
458,,宮ノ下,,35.599209,139.597630,,,1,,,,
459,,宮前,,35.529538,139.705672,,,1,,,,
46,,ＪＦＥ前,,35.512183,139.716037,,,1,,,,
460,,宮前区役所前,,35.588487,139.578411,,,1,,,,
461,,宮前平駅,,35.584860,139.581735,,,1,,,,
462,,御幸公園前,,35.551178,139.694040,,,1,,,,
463,,御幸小学校前,,35.543924,139.691778,,,1,,,,
464,,明王,,35.621592,139.550951,,,1,,,,
465,,妙光寺前,,35.546019,139.696292,,,1,,,,
466,,妙法寺下,,35.566359,139.613633,,,1,,,,
467,,向丘出張所,,35.599218,139.576114,,,1,,,,
468,,川崎西部地域療育センター前,,35.601660,139.569131,,,1,,,,
469,,向丘中学校下,,35.600333,139.580291,,,1,,,,
47,,遠藤町,,35.542713,139.694066,,,1,,,,
471,,向河原駅入口,,35.573969,139.668743,,,1,,,,
472,,藤子・Ｆ・不二雄ミュージアム,,35.610230,139.573522,,,1,,,,
473,,向丘遊園駅入口,,35.615083,139.565975,,,1,,,,
474,,向丘遊園駅南口,,35.616707,139.564546,,,1,,,,
476,,餅井坂,,35.597263,139.529267,,,1,,,,
477,,元住吉,,35.564503,139.656111,,,1,,,,
479,,森ヶ丘団地入口,,35.585695,139.503476,,,1,,,,
48,,追分,,35.521820,139.712631,,,1,,,,
481,,矢尻,,35.581616,139.596963,,,1,,,,
482,,谷中,,35.567166,139.624218,,,1,,,,
484,,山口台中央,,35.595364,139.505647,,,1,,,,
485,,山崎,,35.568458,139.615598,,,1,,,,
486,,雪ヶ坂,,35.612409,139.570063,,,1,,,,
487,,夢見ヶ崎動物公園前,,35.545142,139.667866,,,1,,,,
488,,百合丘カントリー倶楽部前,,35.594065,139.509695,,,1,,,,
489,,百合丘高校裏,,35.602512,139.534851,,,1,,,,
49,,王禅寺口,,35.578739,139.514321,,,1,,,,
490,,百合丘高校前,,35.599669,139.535147,,,1,,,,
491,,百合丘ファミリーテニスクラブ前,,35.589999,139.515520,,,1,,,,
492,,影向寺,,35.576332,139.623710,,,1,,,,
493,,養福寺,,35.584961,139.614228,,,1,,,,
494,,四谷,,35.525378,139.735187,,,1,,,,
495,,四谷上町,,35.529411,139.736142,,,1,,,,
496,,四谷下町,,35.528110,139.738962,,,1,,,,
497,,緑地,,35.597623,139.562463,,,1,,,,
498,,臨港警察署前,,35.522838,139.730705,,,1,,,,
499,,臨港病院前,,35.524950,139.718983,,,1,,,,
5,,宮前郵便局前,,35.576146,139.576541,,,1,,,,
500,,蓮花寺前,,35.569694,139.622231,,,1,,,,
501,,労災病院前,,35.567097,139.657752,,,1,,,,
502,,労働会館前,,35.529457,139.712422,,,1,,,,
503,,鷲ヶ峰営業所前,,35.598094,139.538594,,,1,,,,
504,,和田八幡宮下,,35.565810,139.606737,,,1,,,,
505,,渡田三丁目,,35.518831,139.703638,,,1,,,,
506,,渡田新町,,35.521149,139.700276,,,1,,,,
507,,渡田向町,,35.520050,139.701844,,,1,,,,
508,,川崎病院,,35.526334,139.706321,,,1,,,,
509,,菅三丁目,,35.637285,139.524653,,,1,,,,
510,,菅四丁目,,35.637273,139.526756,,,1,,,,
511,,新城駅前,,35.586826,139.629966,,,1,,,,
513,,中丸子西町（川７４）,,35.570389,139.671288,,,1,,,,
514,,ＧＬＰ川崎前,,35.521179,139.732034,,,1,,,,
515,,かわさき南部斎苑,,35.516939,139.738520,,,1,,,,
516,,川崎駅ラゾーナ広場,,35.532556,139.697129,,,1,,,,
518,,多摩老人福祉センター前,,35.630162,139.561430,,,1,,,,
519,,中野島多摩川住宅,,35.632233,139.558273,,,1,,,,
52,,大ヶ谷戸,,35.586351,139.632017,,,1,,,,
520,,横須賀線小杉駅,,35.573604,139.662696,,,1,,,,
522,,川崎港コンテナターミナル入口,,35.492037,139.750277,,,1,,,,
523,,posco前,,35.490941,139.747710,,,1,,,,
524,,山九物流センター前,,35.490102,139.745841,,,1,,,,
525,,東扇島西公園前,,35.489406,139.744300,,,1,,,,
526,,生田緑地入口,,35.611316,139.564150,,,1,,,,
527,,東生田,,35.607142,139.564021,,,1,,,,
528,,中河原公園前,,35.631269,139.558433,,,1,,,,
529,,東大島郵便局前,,35.524567,139.717913,,,1,,,,
53,,扇橋,,35.509287,139.722629,,,1,,,,
530,,生田緑地,,35.610012,139.562832,,,1,,,,
531,,カワサキアイランドスイート,,35.513675,139.707124,,,1,,,,
532,,小田栄２丁目公園前,,35.512512,139.710896,,,1,,,,
533,,小杉駅東口,,35.576124,139.660509,,,1,,,,
534,,白山南緑地前,,35.586222,139.509444,,,1,,,,
535,,新川崎交通広場,,35.551484,139.670006,,,1,,,,
536,,小杉駅入口グランツリー前,,35.572493,139.660561,,,1,,,,
537,,たまプラーザ駅,,35.577980,139.558700,,,1,,,,
538,,美しの森入口,,35.583433,139.561891,,,1,,,,
539,,美しの森中央,,35.584495,139.560252,,,1,,,,
54,,扇町,,35.502623,139.726968,,,1,,,,
540,,くすのき公園,,35.585938,139.559718,,,1,,,,
541,,さくらの丘公園入口,,35.584999,139.561393,,,1,,,,
542,,宮前美しの森公園,,35.584100,139.563209,,,1,,,,
543,,犬蔵二丁目,,35.584807,139.565153,,,1,,,,
544,,末長三丁目,,35.591126,139.616056,,,1,,,,
545,,東百合丘四丁目,,35.595282,139.523206,,,1,,,,
546,,王禅寺公園,,35.595218,139.518331,,,1,,,,
547,,土橋南公園,,35.582404,139.570239,,,1,,,,
548,,土橋四丁目,,35.584886,139.570518,,,1,,,,
549,,菅生,,35.600402,139.553105,,,1,,,,
55,,大島五丁目,,35.525091,139.716528,,,1,,,,
551,,大ヶ谷戸向町,,35.589041,139.633742,,,1,,,,
56,,大島三丁目,,35.520835,139.717916,,,1,,,,
57,,大島第２公園入口,,35.522728,139.717769,,,1,,,,
58,,大島四ツ角,,35.518230,139.718034,,,1,,,,
59,,大島四丁目,,35.525042,139.713572,,,1,,,,
6,,有馬第二団地前,,35.571493,139.587709,,,1,,,,
60,,大戸小学校前,,35.579140,139.637309,,,1,,,,
61,,大戸神社前,,35.579871,139.640272,,,1,,,,
62,,大原,,35.587562,139.608706,,,1,,,,
63,,大谷団地入口,,35.564037,139.621596,,,1,,,,
65,,小倉,,35.544124,139.669939,,,1,,,,
66,,小倉下町,,35.539349,139.672833,,,1,,,,
67,,小倉神社前,,35.539400,139.670088,,,1,,,,
68,,小倉陸橋,,35.540997,139.672745,,,1,,,,
69,,おし沼,,35.605941,139.565295,,,1,,,,
7,,飯室,,35.613904,139.567030,,,1,,,,
70,,小田栄,,35.516493,139.707911,,,1,,,,
71,,柿生駅前,,35.589191,139.499320,,,1,,,,
72,,柿生中学校下,,35.587844,139.499263,,,1,,,,
73,,梶ヶ谷駅,,35.594176,139.604987,,,1,,,,
74,,梶ヶ谷二丁目,,35.591714,139.602422,,,1,,,,
75,,とどろきアリーナ前,,35.586863,139.646376,,,1,,,,
76,,ガス橋,,35.562713,139.676517,,,1,,,,
77,,金山,,35.582481,139.603446,,,1,,,,
78,,蟹ヶ谷,,35.563206,139.628033,,,1,,,,
79,,上河原,,35.592775,139.646238,,,1,,,,
8,,福岡運輸東京支店前,,35.499625,139.771704,,,1,,,,
80,,上小田中,,35.578884,139.645622,,,1,,,,
81,,上作団地前,,35.600699,139.591718,,,1,,,,
82,,上作延,,35.599863,139.594494,,,1,,,,
84,,上野川,,35.577484,139.611542,,,1,,,,
85,,上之橋,,35.600587,139.602502,,,1,,,,
86,,上平間,,35.556341,139.679799,,,1,,,,
87,,上平間公社住宅前,,35.554797,139.678617,,,1,,,,
88,,上平間住宅前,,35.558417,139.675894,,,1,,,,
89,,上丸子,,35.576101,139.668722,,,1,,,,
9,,生田駅,,35.614656,139.540504,,,1,,,,
91,,カリタス学園,,35.628855,139.557624,,,1,,,,
92,,苅宿,,35.562082,139.660591,,,1,,,,
93,,川崎運送前,,35.522674,139.698170,,,1,,,,
94,,川崎駅,,35.530691,139.698801,,,1,,,,
95,,川崎駅西口,,35.531298,139.695932,,,1,,,,
97,,川崎小学校前,,35.524993,139.696308,,,1,,,,
98,,かわさきファズ物流センター前,,35.493266,139.752544,,,1,,,,
99,,川崎マリエン前,,35.495935,139.764324,,,1,,,,
1_1,,青葉幼稚園前,,35.597332,139.506738,,,0,1,,,
1_2,,青葉幼稚園前,,35.598202,139.507398,,,0,1,,,
10_1,,生田高校前,,35.600950,139.539895,,,0,10,,,
10_2,,生田高校前,,35.601169,139.540340,,,0,10,,,
100_2,,河原町,,35.541776,139.694134,,,0,100,,,
101_1,,河原町団地前,,35.539978,139.697157,,,0,101,,,
101_2,,河原町団地前,,35.540763,139.696700,,,0,101,,,
101_3,,河原町団地前,,35.540477,139.696661,,,0,101,,,
101_4,,河原町団地前,,35.540689,139.696198,,,0,101,,,
102_1,,観音一丁目,,35.529610,139.726552,,,0,102,,,
102_2,,観音一丁目,,35.529487,139.727216,,,0,102,,,
103_1,,観音二丁目川崎大師口,,35.529678,139.728730,,,0,103,,,
103_2,,観音二丁目川崎大師口,,35.529577,139.729573,,,0,103,,,
106_1,,北浦,,35.629309,139.538471,,,0,106,,,
106_2,,北浦,,35.630464,139.536414,,,0,106,,,
107_1,,北加瀬,,35.552828,139.659339,,,0,107,,,
107_2,,北加瀬,,35.552348,139.659251,,,0,107,,,
108_1,,北加瀬三丁目,,35.555962,139.662309,,,0,108,,,
108_2,,北加瀬三丁目,,35.557015,139.662987,,,0,108,,,
11_1,,生田宿,,35.618864,139.556111,,,0,11,,,
11_2,,生田宿,,35.618812,139.556047,,,0,11,,,
110_1,,北谷町,,35.561909,139.673565,,,0,110,,,
110_2,,北谷町,,35.561667,139.673552,,,0,110,,,
112_1,,木月上之町,,35.562869,139.648306,,,0,112,,,
112_2,,木月上之町,,35.562725,139.648598,,,0,112,,,
114_1,,木月住吉,,35.564667,139.658852,,,0,114,,,
114_2,,木月住吉,,35.564975,139.658517,,,0,114,,,
115_1,,木月天王森,,35.561883,139.649892,,,0,115,,,
115_2,,木月天王森,,35.561564,139.650124,,,0,115,,,
116_1,,木月四丁目,,35.561958,139.654410,,,0,116,,,
116_2,,木月四丁目,,35.561291,139.654215,,,0,116,,,
117_1,,カルッツかわさき・富士見公園,,35.529301,139.707985,,,0,117,,,
117_2,,カルッツかわさき・富士見公園,,35.529097,139.707886,,,0,117,,,
118_1,,玉川小学校前,,35.563448,139.672484,,,0,118,,,
118_2,,玉川小学校前,,35.563742,139.672124,,,0,118,,,
119_1,,切通し上,,35.606547,139.575121,,,0,119,,,
119_2,,切通し上,,35.606449,139.575164,,,0,119,,,
12_1,,池藤橋,,35.524684,139.724966,,,0,12,,,
12_2,,池藤橋,,35.524541,139.725374,,,0,12,,,
120_1,,銀柳街入口,,35.530885,139.700756,,,0,120,,,
120_2,,銀柳街入口,,35.530687,139.700597,,,0,120,,,
121_1,,久地,,35.609315,139.600326,,,0,121,,,
121_2,,久地,,35.609638,139.599891,,,0,121,,,
122_1,,久地駅前,,35.610812,139.592727,,,0,122,,,
122_2,,久地駅前,,35.610789,139.592428,,,0,122,,,
123_1,,久地消防前,,35.610187,139.595624,,,0,123,,,
123_2,,久地消防前,,35.610244,139.595652,,,0,123,,,
124_1,,蔵前,,35.591724,139.643707,,,0,124,,,
124_2,,蔵前,,35.591203,139.643509,,,0,124,,,
125_1,,麻生スポーツセンター入口,,35.600702,139.507008,,,0,125,,,
125_2,,麻生スポーツセンター入口,,35.600412,139.507354,,,0,125,,,
126_1,,栗田病院前,,35.539622,139.666789,,,0,126,,,
127_1,,栗谷三丁目,,35.611778,139.537828,,,0,127,,,
128_2,,栗谷町会会館下,,35.608605,139.536314,,,0,128,,,
129_1,,栗谷町会会館前,,35.610211,139.537017,,,0,129,,,
130_1,,栗谷二丁目,,35.608938,139.534172,,,0,130,,,
131_2,,栗谷四丁目,,35.610542,139.538686,,,0,131,,,
132_1,,競輪場前,,35.529447,139.710538,,,0,132,,,
132_2,,競輪場前,,35.529246,139.710657,,,0,132,,,
134_1,,県営久末,,35.561558,139.619080,,,0,134,,,
134_2,,県営久末,,35.562036,139.620295,,,0,134,,,
135_1,,鋼管通三丁目,,35.513712,139.712903,,,0,135,,,
135_2,,鋼管通三丁目,,35.513702,139.712630,,,0,135,,,
137_1,,市営埠頭,,35.518727,139.750948,,,0,137,,,
137_2,,市営埠頭,,35.517981,139.750972,,,0,137,,,
138_1,,黄金塚,,35.593727,139.642650,,,0,138,,,
138_2,,黄金塚,,35.593622,139.642399,,,0,138,,,
139_1,,越路,,35.550096,139.659216,,,0,139,,,
139_2,,越路,,35.550162,139.659104,,,0,139,,,
140_1,,五所塚,,35.604337,139.576053,,,0,140,,,
140_2,,五所塚,,35.604802,139.575540,,,0,140,,,
141_1,,小杉駅前,,35.576870,139.659367,,,0,141,,,
141_2,,小杉駅前,,35.576954,139.659816,,,0,141,,,
141_4,,小杉駅前,,35.576967,139.659550,,,0,141,,,
141_5,,小杉駅前,,35.577063,139.659311,,,0,141,,,
141_6,,小杉駅前,,35.577065,139.659531,,,0,141,,,
142_1,,小杉御殿町,,35.577236,139.654650,,,0,142,,,
142_2,,小杉御殿町,,35.577059,139.653533,,,0,142,,,
143_1,,小杉十字路,,35.582350,139.650591,,,0,143,,,
143_2,,小杉十字路,,35.582026,139.651206,,,0,143,,,
144_1,,小杉町,,35.577330,139.657048,,,0,144,,,
144_2,,小杉町,,35.577208,139.656272,,,0,144,,,
145_1,,小杉二丁目,,35.578806,139.654980,,,0,145,,,
145_2,,小杉二丁目,,35.578753,139.654906,,,0,145,,,
146_1,,五反田橋,,35.572447,139.621376,,,0,146,,,
146_2,,五反田橋,,35.572419,139.620546,,,0,146,,,
147_1,,琴平下,,35.581193,139.517023,,,0,147,,,
147_2,,琴平下,,35.581160,139.517081,,,0,147,,,
148_2,,小林運送前,,35.496620,139.759272,,,0,148,,,
149_1,,小向,,35.548293,139.694883,,,0,149,,,
149_2,,小向,,35.548407,139.694445,,,0,149,,,
150_1,,小向交番前,,35.549384,139.693641,,,0,150,,,
150_2,,小向交番前,,35.548345,139.692943,,,0,150,,,
151_1,,小向西町,,35.545790,139.686861,,,0,151,,,
151_2,,小向西町,,35.545958,139.686000,,,0,151,,,
152_1,,西福寺前,,35.581450,139.609066,,,0,152,,,
152_2,,西福寺前,,35.581682,139.607739,,,0,152,,,
153_1,,西明寺前,,35.582283,139.654288,,,0,153,,,
153_2,,西明寺前,,35.582039,139.654839,,,0,153,,,
154_1,,幸区役所入口,,35.545310,139.688163,,,0,154,,,
154_2,,幸区役所入口,,35.545200,139.688080,,,0,154,,,
155_1,,幸警察署前,,35.535129,139.688415,,,0,155,,,
155_2,,幸警察署前,,35.536563,139.687781,,,0,155,,,
156_1,,幸町二丁目,,35.536884,139.699505,,,0,156,,,
156_2,,幸町二丁目,,35.536793,139.699241,,,0,156,,,
157_2,,鷺沼駅,,35.579283,139.573272,,,0,157,,,
157_3,,鷺沼駅,,35.579030,139.573286,,,0,157,,,
158_1,,桜橋,,35.518607,139.725359,,,0,158,,,
158_2,,桜橋,,35.518194,139.725339,,,0,158,,,
159_1,,桜本,,35.520673,139.728264,,,0,159,,,
159_2,,桜本,,35.520800,139.729013,,,0,159,,,
16_2,,東扇島二十番地,,35.503540,139.767437,,,0,16,,,
160_1,,下綱,,35.609989,139.588470,,,0,160,,,
160_2,,下綱,,35.610185,139.589090,,,0,160,,,
162_1,,サントリー前,,35.577813,139.647807,,,0,162,,,
162_2,,サントリー前,,35.577507,139.648435,,,0,162,,,
163_2,,山王町,,35.578414,139.667740,,,0,163,,,
164_1,,山王町一丁目,,35.577230,139.665238,,,0,164,,,
164_2,,山王町一丁目,,35.577121,139.664132,,,0,164,,,
165_1,,山王町二丁目,,35.575342,139.668408,,,0,165,,,
165_2,,山王町二丁目,,35.576116,139.667548,,,0,165,,,
167_1,,市営等々力グランド入口,,35.584058,139.648226,,,0,167,,,
167_2,,市営等々力グランド入口,,35.583929,139.648286,,,0,167,,,
168_1,,市営等々力グランド前,,35.585828,139.647094,,,0,168,,,
168_2,,市営等々力グランド前,,35.584535,139.647305,,,0,168,,,
169_1,,ポートサイドカワサキ,,35.513517,139.752741,,,0,169,,,
169_2,,ポートサイドカワサキ,,35.513759,139.752595,,,0,169,,,
17_1,,和泉,,35.626499,139.562262,,,0,17,,,
17_2,,和泉,,35.627124,139.561777,,,0,17,,,
17_4,,和泉,,35.627862,139.562354,,,0,17,,,
170_1,,塩浜,,35.525489,139.748917,,,0,170,,,
170_2,,塩浜,,35.525953,139.746447,,,0,170,,,
170_3,,塩浜,,35.525182,139.747368,,,0,170,,,
170_4,,塩浜,,35.525228,139.747549,,,0,170,,,
171_1,,塩浜営業所前,,35.525456,139.741316,,,0,171,,,
171_2,,塩浜営業所前,,35.526848,139.739958,,,0,171,,,
172_1,,潮見台,,35.593230,139.529729,,,0,172,,,
172_2,,潮見台,,35.592893,139.529108,,,0,172,,,
173_1,,潮見台浄水場前,,35.595361,139.537045,,,0,173,,,
173_2,,潮見台浄水場前,,35.595477,139.537012,,,0,173,,,
175_1,,児童公園前,,35.583401,139.628823,,,0,175,,,
175_2,,児童公園前,,35.583576,139.629563,,,0,175,,,
178_1,,子母口,,35.573473,139.629002,,,0,178,,,
178_2,,子母口,,35.573381,139.629155,,,0,178,,,
179_1,,子母口住宅前,,35.569606,139.629442,,,0,179,,,
179_2,,子母口住宅前,,35.569504,139.629506,,,0,179,,,
179_3,,子母口住宅前,,35.571100,139.628800,,,0,179,,,
179_4,,子母口住宅前,,35.571008,139.628713,,,0,179,,,
18_1,,井田,,35.564890,139.641276,,,0,18,,,
18_2,,井田,,35.564757,139.641480,,,0,18,,,
180_1,,子母口小学校入口,,35.570374,139.634057,,,0,180,,,
180_2,,子母口小学校入口,,35.570102,139.634746,,,0,180,,,
181_1,,子母口新田,,35.574197,139.632052,,,0,181,,,
181_2,,子母口新田,,35.574076,139.632154,,,0,181,,,
182_1,,子母口新道,,35.572494,139.631085,,,0,182,,,
182_2,,子母口新道,,35.572424,139.631215,,,0,182,,,
183_1,,神木不動,,35.603141,139.579341,,,0,183,,,
183_2,,神木不動,,35.602784,139.580617,,,0,183,,,
184_1,,神木本町,,35.601256,139.583436,,,0,184,,,
184_2,,神木本町,,35.601563,139.582014,,,0,184,,,
184_3,,神木本町,,35.600749,139.581875,,,0,184,,,
185_1,,清水台,,35.590547,139.554775,,,0,185,,,
185_2,,清水台,,35.590496,139.555163,,,0,185,,,
186_1,,市民プラザ,,35.585020,139.609510,,,0,186,,,
186_2,,市民プラザ,,35.584960,139.609623,,,0,186,,,
187_2,,市民プラザ線溝口駅,,35.596878,139.612799,,,0,187,,,
188_1,,市民ミュージアム,,35.589530,139.648361,,,0,188,,,
188_2,,市民ミュージアム,,35.589529,139.648348,,,0,188,,,
189_1,,市民ミュージアム前,,35.588803,139.646488,,,0,189,,,
189_2,,市民ミュージアム前,,35.589452,139.646413,,,0,189,,,
19_1,,井田営業所前,,35.565798,139.638969,,,0,19,,,
19_2,,井田営業所前,,35.565599,139.639333,,,0,19,,,
19_3,,井田営業所前,,35.565647,139.639450,,,0,19,,,
190_1,,下有馬,,35.571154,139.591796,,,0,190,,,
190_2,,下有馬,,35.571103,139.591339,,,0,190,,,
191_1,,下作住宅前,,35.599706,139.599896,,,0,191,,,
191_2,,下作住宅前,,35.599739,139.600151,,,0,191,,,
192_1,,下新城,,35.578072,139.632080,,,0,192,,,
192_2,,下新城,,35.578387,139.634042,,,0,192,,,
192_3,,下新城,,35.577702,139.633286,,,0,192,,,
192_4,,下新城,,35.578982,139.633401,,,0,192,,,
193_2,,下沼部,,35.573924,139.669702,,,0,193,,,
195_1,,下平間,,35.552347,139.680363,,,0,195,,,
195_2,,下平間,,35.554109,139.678936,,,0,195,,,
195_3,,下平間,,35.554091,139.679382,,,0,195,,,
196_1,,下平間住宅前,,35.550279,139.681729,,,0,196,,,
196_2,,下平間住宅前,,35.551102,139.681020,,,0,196,,,
197_1,,下枠鼻,,35.592246,139.640091,,,0,197,,,
197_2,,下枠鼻,,35.592150,139.639890,,,0,197,,,
198_1,,市役所前,,35.530336,139.702955,,,0,198,,,
198_2,,市役所前,,35.530275,139.702276,,,0,198,,,
199_1,,宿河原,,35.614320,139.576593,,,0,199,,,
199_2,,宿河原,,35.613900,139.576613,,,0,199,,,
2_1,,明津,,35.569140,139.636076,,,0,2,,,
2_2,,明津,,35.568027,139.637162,,,0,2,,,
200_1,,宿河原駅入口,,35.616596,139.577759,,,0,200,,,
200_2,,宿河原駅入口,,35.615655,139.577191,,,0,200,,,
201_1,,多摩病院前,,35.620207,139.572826,,,0,201,,,
201_2,,多摩病院前,,35.620677,139.571942,,,0,201,,,
202_1,,宿河原小学校前,,35.616453,139.574365,,,0,202,,,
202_2,,宿河原小学校前,,35.616386,139.574518,,,0,202,,,
203_1,,春秋苑入口,,35.606463,139.540691,,,0,203,,,
203_2,,春秋苑入口,,35.606153,139.540527,,,0,203,,,
204_1,,正教寺前,,35.540940,139.689004,,,0,204,,,
204_2,,正教寺前,,35.540926,139.688865,,,0,204,,,
204_3,,正教寺前,,35.541107,139.690037,,,0,204,,,
204_4,,正教寺前,,35.541015,139.689774,,,0,204,,,
205_1,,成就院前,,35.517881,139.705142,,,0,205,,,
205_2,,成就院前,,35.517777,139.705038,,,0,205,,,
207_1,,昭和駅前,,35.505567,139.725153,,,0,207,,,
207_2,,昭和駅前,,35.506290,139.724569,,,0,207,,,
208_1,,渡田小学校前,,35.514897,139.710002,,,0,208,,,
208_2,,渡田小学校前,,35.514846,139.709597,,,0,208,,,
21_1,,井田小学校入口,,35.563333,139.646256,,,0,21,,,
21_2,,井田小学校入口,,35.563096,139.647043,,,0,21,,,
210_1,,白井坂,,35.589891,139.565705,,,0,210,,,
210_2,,白井坂,,35.589759,139.565761,,,0,210,,,
211_1,,白幡八幡前,,35.597022,139.573204,,,0,211,,,
211_2,,白幡八幡前,,35.596811,139.572951,,,0,211,,,
211_3,,白幡八幡前,,35.597887,139.571727,,,0,211,,,
211_4,,白幡八幡前,,35.598527,139.571454,,,0,211,,,
212_1,,市立川崎高校前,,35.527802,139.713883,,,0,212,,,
212_2,,市立川崎高校前,,35.527149,139.713591,,,0,212,,,
213_1,,幸高校前,,35.541418,139.687425,,,0,213,,,
213_2,,幸高校前,,35.541612,139.686580,,,0,213,,,
214_1,,城下,,35.633309,139.530529,,,0,214,,,
214_2,,城下,,35.633305,139.530641,,,0,214,,,
214_3,,城下,,35.633126,139.530625,,,0,214,,,
214_4,,城下,,35.633916,139.530192,,,0,214,,,
215_1,,新川崎駅,,35.551833,139.671654,,,0,215,,,
215_2,,新川崎駅,,35.551663,139.671545,,,0,215,,,
216_1,,新作,,35.586295,139.618905,,,0,216,,,
216_2,,新作,,35.586108,139.619143,,,0,216,,,
217_1,,新作八幡下,,35.584270,139.616734,,,0,217,,,
217_2,,新作八幡下,,35.583942,139.617857,,,0,217,,,
218_1,,新城,,35.578859,139.635853,,,0,218,,,
218_2,,新城,,35.578665,139.635337,,,0,218,,,
219_1,,新城駅前（北口）,,35.587678,139.629596,,,0,219,,,
219_2,,新城駅前（北口）,,35.587607,139.629464,,,0,219,,,
22_1,,井田消防前,,35.563709,139.644669,,,0,22,,,
22_2,,井田消防前,,35.563603,139.644829,,,0,22,,,
220_1,,新城神社前,,35.583276,139.633073,,,0,220,,,
220_2,,新城神社前,,35.583276,139.633233,,,0,220,,,
221_1,,新平瀬橋,,35.608041,139.604482,,,0,221,,,
221_2,,新平瀬橋,,35.607987,139.605195,,,0,221,,,
222_1,,真福寺,,35.584849,139.506934,,,0,222,,,
222_2,,真福寺,,35.584750,139.506831,,,0,222,,,
223_1,,新船島橋,,35.617922,139.576298,,,0,223,,,
223_2,,新船島橋,,35.618215,139.576079,,,0,223,,,
224_1,,新丸子駅西口,,35.579984,139.661522,,,0,224,,,
225_1,,神明社前,,35.571770,139.581242,,,0,225,,,
225_2,,神明社前,,35.571560,139.580712,,,0,225,,,
226_1,,神明町,,35.540974,139.691120,,,0,226,,,
226_2,,神明町,,35.540860,139.691729,,,0,226,,,
227_1,,神明町平安会館さいわい前,,35.538058,139.688701,,,0,227,,,
227_2,,神明町平安会館さいわい前,,35.538315,139.688613,,,0,227,,,
229_1,,新百合丘駅前,,35.603283,139.508158,,,0,229,,,
229_2,,新百合丘駅前,,35.603130,139.508190,,,0,229,,,
23_1,,井田病院,,35.559385,139.639872,,,0,23,,,
23_2,,井田病院,,35.559523,139.639730,,,0,23,,,
23_3,,井田病院,,35.559527,139.639515,,,0,23,,,
231_1,,森林公園前,,35.601294,139.589052,,,0,231,,,
231_2,,森林公園前,,35.601249,139.588941,,,0,231,,,
232_1,,末長,,35.589745,139.616820,,,0,232,,,
232_2,,末長,,35.588320,139.617788,,,0,232,,,
233_1,,菅生三丁目,,35.597357,139.547057,,,0,233,,,
233_2,,菅生三丁目,,35.596783,139.545948,,,0,233,,,
234_1,,菅生車庫,,35.589163,139.557463,,,0,234,,,
234_2,,菅生車庫,,35.588732,139.559592,,,0,234,,,
234_3,,菅生車庫,,35.589161,139.557187,,,0,234,,,
235_1,,菅生小学校入口,,35.596171,139.559162,,,0,235,,,
235_2,,菅生小学校入口,,35.595823,139.557453,,,0,235,,,
236_1,,菅生中学校,,35.598561,139.554421,,,0,236,,,
236_2,,菅生中学校,,35.598198,139.554851,,,0,236,,,
237_1,,姿見台,,35.591486,139.604695,,,0,237,,,
237_2,,姿見台,,35.590800,139.604947,,,0,237,,,
238_1,,杉山神社入口,,35.545667,139.670856,,,0,238,,,
238_2,,杉山神社入口,,35.545769,139.670958,,,0,238,,,
239_1,,菅北浦三丁目,,35.631122,139.529987,,,0,239,,,
239_2,,菅北浦三丁目,,35.631297,139.530027,,,0,239,,,
240_1,,菅仙谷公園前,,35.628643,139.529392,,,0,240,,,
240_2,,菅仙谷公園前,,35.628329,139.529167,,,0,240,,,
241_1,,盛源寺,,35.602728,139.545571,,,0,241,,,
241_2,,盛源寺,,35.602399,139.545193,,,0,241,,,
242_1,,聖マリアンナ医科大学前,,35.600769,139.547873,,,0,242,,,
242_2,,聖マリアンナ医科大学前,,35.600561,139.547657,,,0,242,,,
242_3,,聖マリアンナ医科大学前,,35.600686,139.547893,,,0,242,,,
243_1,,聖マリアンナ医大入口,,35.601799,139.548267,,,0,243,,,
243_2,,聖マリアンナ医大入口,,35.602173,139.548214,,,0,243,,,
243_3,,聖マリアンナ医大入口,,35.602173,139.548138,,,0,243,,,
244_1,,聖マリアンナ医大下,,35.596856,139.550456,,,0,244,,,
244_2,,聖マリアンナ医大下,,35.597040,139.549484,,,0,244,,,
245_1,,堰下,,35.598986,139.573623,,,0,245,,,
245_2,,堰下,,35.598912,139.573517,,,0,245,,,
247_2,,東扇島北公園入口,,35.501523,139.758058,,,0,247,,,
248_1,,洗足学園前,,35.594544,139.613902,,,0,248,,,
248_2,,洗足学園前,,35.594587,139.613959,,,0,248,,,
249_1,,全竜寺前,,35.576190,139.633153,,,0,249,,,
249_2,,全竜寺前,,35.576320,139.633356,,,0,249,,,
25_1,,稲田堤駅入口,,35.631841,139.535032,,,0,25,,,
25_2,,稲田堤駅入口,,35.632515,139.533482,,,0,25,,,
250_1,,中央療育センター前,,35.564161,139.635632,,,0,250,,,
251_1,,蔵敷,,35.596190,139.553494,,,0,251,,,
251_2,,蔵敷,,35.596032,139.554035,,,0,251,,,
251_3,,蔵敷,,35.595120,139.555122,,,0,251,,,
251_4,,蔵敷,,35.595150,139.555269,,,0,251,,,
252_1,,蔵敷団地,,35.592278,139.554167,,,0,252,,,
252_2,,蔵敷団地,,35.592654,139.554534,,,0,252,,,
254_1,,ソリッドスクエア前,,35.535212,139.699124,,,0,254,,,
254_2,,ソリッドスクエア前,,35.535096,139.698879,,,0,254,,,
255_1,,第三京浜入口,,35.591533,139.621001,,,0,255,,,
255_2,,第三京浜入口,,35.591311,139.621504,,,0,255,,,
255_3,,第三京浜入口,,35.590543,139.621210,,,0,255,,,
257_1,,大同特殊鋼前,,35.523106,139.745851,,,0,257,,,
257_2,,大同特殊鋼前,,35.523228,139.746219,,,0,257,,,
258_1,,台町,,35.529813,139.732127,,,0,258,,,
258_2,,台町,,35.529682,139.732022,,,0,258,,,
259_1,,平,,35.599642,139.569298,,,0,259,,,
259_2,,平,,35.599493,139.569692,,,0,259,,,
26_1,,稲荷坂,,35.567010,139.600964,,,0,26,,,
26_2,,稲荷坂,,35.567373,139.600635,,,0,26,,,
260_1,,たいら高山,,35.603881,139.568179,,,0,260,,,
260_2,,たいら高山,,35.604512,139.567397,,,0,260,,,
261_1,,平橋,,35.599794,139.578287,,,0,261,,,
261_2,,平橋,,35.599680,139.578075,,,0,261,,,
262_1,,ダイワコーポレーション前,,35.494512,139.760441,,,0,262,,,
262_2,,ダイワコーポレーション前,,35.494544,139.761191,,,0,262,,,
263_2,,タカセセンター前,,35.503408,139.764605,,,0,263,,,
264_1,,高田町,,35.558780,139.612794,,,0,264,,,
264_2,,高田町,,35.558779,139.612796,,,0,264,,,
265_1,,高津,,35.603668,139.613561,,,0,265,,,
265_4,,高津,,35.604666,139.613073,,,0,265,,,
267_1,,高津区役所前,,35.600172,139.607239,,,0,267,,,
267_2,,高津区役所前,,35.599636,139.608170,,,0,267,,,
268_1,,高津高校前,,35.596055,139.615140,,,0,268,,,
268_2,,高津高校前,,35.595760,139.615667,,,0,268,,,
269_1,,鷹巣橋,,35.567492,139.628774,,,0,269,,,
269_2,,鷹巣橋,,35.567947,139.629577,,,0,269,,,
269_3,,鷹巣橋,,35.567762,139.628477,,,0,269,,,
27_1,,犬蔵,,35.587771,139.566474,,,0,27,,,
27_2,,犬蔵,,35.588306,139.566057,,,0,27,,,
27_3,,犬蔵,,35.586567,139.566194,,,0,27,,,
27_4,,犬蔵,,35.587386,139.564840,,,0,27,,,
270_2,,東扇島十八番地,,35.502951,139.761207,,,0,270,,,
271_1,,田島町,,35.518035,139.709121,,,0,271,,,
271_2,,田島町,,35.518721,139.710157,,,0,271,,,
272_1,,田尻町,,35.561040,139.672349,,,0,272,,,
272_2,,田尻町,,35.560959,139.673272,,,0,272,,,
273_1,,橘出張所前,,35.582283,139.620583,,,0,273,,,
273_2,,橘出張所前,,35.583273,139.619864,,,0,273,,,
274_1,,橘小学校,,35.581294,139.622227,,,0,274,,,
274_2,,橘小学校,,35.581129,139.622492,,,0,274,,,
275_2,,多摩区役所前,,35.619406,139.561785,,,0,275,,,
276_1,,多摩警察署前,,35.617402,139.559105,,,0,276,,,
276_2,,多摩警察署前,,35.617270,139.559082,,,0,276,,,
277_2,,多摩消防署前,,35.618921,139.559506,,,0,277,,,
278_1,,千年,,35.576856,139.627705,,,0,278,,,
278_2,,千年,,35.576782,139.627764,,,0,278,,,
278_3,,千年,,35.575786,139.627715,,,0,278,,,
278_4,,千年,,35.575928,139.627736,,,0,278,,,
278_5,,千年,,35.577139,139.626930,,,0,278,,,
278_6,,千年,,35.577446,139.626834,,,0,278,,,
279_1,,千年北浦,,35.579998,139.623394,,,0,279,,,
279_2,,千年北浦,,35.579407,139.624149,,,0,279,,,
28_1,,犬蔵公民館前,,35.588433,139.561920,,,0,28,,,
28_2,,犬蔵公民館前,,35.588354,139.561746,,,0,28,,,
280_1,,千年住宅前,,35.573073,139.620974,,,0,280,,,
280_2,,千年住宅前,,35.573247,139.621018,,,0,280,,,
281_1,,千年新町,,35.580301,139.628016,,,0,281,,,
281_2,,千年新町,,35.580882,139.629484,,,0,281,,,
283_1,,中原老人福祉センター入口,,35.562131,139.639432,,,0,283,,,
283_2,,中原老人福祉センター入口,,35.562213,139.639589,,,0,283,,,
284_1,,田園調布学園大学前,,35.594031,139.525396,,,0,284,,,
284_2,,田園調布学園大学前,,35.593511,139.525842,,,0,284,,,
285_1,,塚越,,35.543636,139.679895,,,0,285,,,
285_2,,塚越,,35.543579,139.679902,,,0,285,,,
286_1,,塚越交番前,,35.543325,139.681004,,,0,286,,,
286_2,,塚越交番前,,35.542939,139.682135,,,0,286,,,
287_1,,塚戸,,35.628180,139.540352,,,0,287,,,
287_2,,塚戸,,35.628990,139.538813,,,0,287,,,
288_1,,土橋,,35.587577,139.572169,,,0,288,,,
288_2,,土橋,,35.586907,139.573740,,,0,288,,,
288_3,,土橋,,35.588258,139.574718,,,0,288,,,
289_1,,土橋神社前,,35.586011,139.576833,,,0,289,,,
289_2,,土橋神社前,,35.586084,139.576237,,,0,289,,,
29_1,,犬蔵小学校前,,35.591865,139.567046,,,0,29,,,
29_2,,犬蔵小学校前,,35.591764,139.567078,,,0,29,,,
290_1,,土渕,,35.624455,139.544475,,,0,290,,,
290_2,,土渕,,35.624066,139.544870,,,0,290,,,
292_2,,天神台,,35.559732,139.679383,,,0,292,,,
293_1,,天王下,,35.594354,139.539274,,,0,293,,,
293_2,,天王下,,35.594291,139.539155,,,0,293,,,
294_1,,天満天神社前,,35.552529,139.688750,,,0,294,,,
294_2,,天満天神社前,,35.552572,139.688160,,,0,294,,,
295_1,,東亜石油前,,35.510648,139.739773,,,0,295,,,
295_2,,東亜石油前,,35.511097,139.739362,,,0,295,,,
296_2,,東扇島二十三番地,,35.498648,139.770466,,,0,296,,,
298_1,,ＪＥＲＡ川崎火力発電所前,,35.516396,139.757911,,,0,298,,,
298_2,,ＪＥＲＡ川崎火力発電所前,,35.515958,139.757866,,,0,298,,,
299_1,,千鳥町北,,35.519631,139.756678,,,0,299,,,
299_2,,千鳥町北,,35.519908,139.756384,,,0,299,,,
3_1,,麻生不動入口,,35.581039,139.508813,,,0,3,,,
3_2,,麻生不動入口,,35.580941,139.508824,,,0,3,,,
30_1,,イノ木,,35.565544,139.622639,,,0,30,,,
30_2,,イノ木,,35.565670,139.622838,,,0,30,,,
300_1,,京セラ前,,35.514115,139.755107,,,0,300,,,
300_2,,京セラ前,,35.514333,139.755390,,,0,300,,,
300_3,,京セラ前,,35.513757,139.754231,,,0,300,,,
301_1,,東名向丘入口,,35.595049,139.571160,,,0,301,,,
301_2,,東名向丘入口,,35.594682,139.570992,,,0,301,,,
303_1,,かわさき記念病院前,,35.593720,139.532167,,,0,303,,,
303_2,,かわさき記念病院前,,35.593593,139.532284,,,0,303,,,
304_1,,戸手アパート前,,35.543393,139.696335,,,0,304,,,
304_2,,戸手アパート前,,35.544313,139.696076,,,0,304,,,
305_1,,戸手一丁目,,35.545694,139.692048,,,0,305,,,
305_2,,戸手一丁目,,35.545894,139.691911,,,0,305,,,
306_1,,戸手小学校前,,35.542111,139.685107,,,0,306,,,
306_2,,戸手小学校前,,35.542405,139.683888,,,0,306,,,
307_1,,とのした橋,,35.601384,139.585598,,,0,307,,,
307_2,,とのした橋,,35.601309,139.585901,,,0,307,,,
31_1,,今井上町,,35.577057,139.651130,,,0,31,,,
31_2,,今井上町,,35.577147,139.649703,,,0,31,,,
312_1,,中有馬,,35.571889,139.585379,,,0,312,,,
312_2,,中有馬,,35.571997,139.584140,,,0,312,,,
313_1,,長尾,,35.609585,139.581283,,,0,313,,,
313_2,,長尾,,35.609581,139.581801,,,0,313,,,
314_1,,長尾橋,,35.610676,139.576027,,,0,314,,,
314_2,,長尾橋,,35.610354,139.576071,,,0,314,,,
314_4,,長尾橋,,35.610081,139.576534,,,0,314,,,
314_5,,長尾橋,,35.610076,139.575603,,,0,314,,,
315_1,,中幸町,,35.535382,139.691895,,,0,315,,,
315_2,,中幸町,,35.534789,139.690813,,,0,315,,,
316_1,,中幸町三丁目,,35.534861,139.694619,,,0,316,,,
316_2,,中幸町三丁目,,35.534768,139.694727,,,0,316,,,
317_1,,長沢,,35.601906,139.552056,,,0,317,,,
317_2,,長沢,,35.601846,139.552017,,,0,317,,,
318_1,,長沢入口,,35.593825,139.523891,,,0,318,,,
318_2,,長沢入口,,35.593041,139.523597,,,0,318,,,
318_3,,長沢入口,,35.593580,139.523068,,,0,318,,,
319_1,,長沢団地,,35.602841,139.541473,,,0,319,,,
319_2,,長沢団地,,35.603214,139.541130,,,0,319,,,
32_1,,入江崎温水プール前,,35.521104,139.743658,,,0,32,,,
32_2,,入江崎温水プール前,,35.520662,139.743285,,,0,32,,,
320_1,,長沢中学校下,,35.596442,139.525290,,,0,320,,,
320_2,,長沢中学校下,,35.596667,139.526132,,,0,320,,,
321_1,,長芝橋,,35.609568,139.586090,,,0,321,,,
321_2,,長芝橋,,35.609708,139.586794,,,0,321,,,
322_1,,中島交番前,,35.529638,139.716743,,,0,322,,,
322_2,,中島交番前,,35.529473,139.716004,,,0,322,,,
323_1,,中新城,,35.584500,139.636472,,,0,323,,,
323_2,,中新城,,35.584079,139.637038,,,0,323,,,
324_1,,中野島公社住宅前,,35.627900,139.560328,,,0,324,,,
324_2,,中野島公社住宅前,,35.628121,139.560265,,,0,324,,,
326_1,,中ノ原住宅前,,35.543397,139.661264,,,0,326,,,
327_1,,中原,,35.580266,139.641920,,,0,327,,,
328_2,,中原駅入口,,35.580539,139.638013,,,0,328,,,
329_1,,中原駅前,,35.581641,139.641196,,,0,329,,,
329_2,,中原駅前,,35.581632,139.640935,,,0,329,,,
329_3,,中原駅前,,35.581452,139.641208,,,0,329,,,
33_1,,入江崎水処理センター前,,35.518446,139.740145,,,0,33,,,
33_2,,入江崎水処理センター前,,35.518350,139.740251,,,0,33,,,
330_1,,中原会館,,35.579907,139.643867,,,0,330,,,
330_2,,中原会館,,35.579958,139.643628,,,0,330,,,
332_2,,中町,,35.568117,139.672050,,,0,332,,,
333_2,,中丸子,,35.565362,139.672705,,,0,333,,,
334_1,,中丸子商店街,,35.566012,139.670753,,,0,334,,,
334_2,,中丸子商店街,,35.566677,139.670557,,,0,334,,,
335_1,,中丸子神社前,,35.567712,139.670498,,,0,335,,,
335_2,,中丸子神社前,,35.568430,139.670132,,,0,335,,,
336_1,,中丸子西町,,35.570272,139.669801,,,0,336,,,
336_2,,中丸子西町,,35.570910,139.669470,,,0,336,,,
337_1,,梨木団地入口,,35.584894,139.517626,,,0,337,,,
337_2,,梨木団地入口,,35.585277,139.517795,,,0,337,,,
338_1,,中島二丁目,,35.529644,139.719289,,,0,338,,,
338_2,,中島二丁目,,35.529498,139.719410,,,0,338,,,
339_1,,南平,,35.593936,139.570267,,,0,339,,,
339_2,,南平,,35.593217,139.569802,,,0,339,,,
34_1,,岩川,,35.577299,139.629280,,,0,34,,,
34_2,,岩川,,35.577104,139.628914,,,0,34,,,
34_3,,岩川,,35.578241,139.628171,,,0,34,,,
340_1,,西ヶ崎橋,,35.571634,139.624104,,,0,340,,,
340_2,,西ヶ崎橋,,35.571423,139.624403,,,0,340,,,
341_1,,西加瀬,,35.559359,139.662547,,,0,341,,,
341_2,,西加瀬,,35.559965,139.661996,,,0,341,,,
342_1,,西下橋,,35.591853,139.638748,,,0,342,,,
343_1,,西菅団地,,35.623159,139.525874,,,0,343,,,
343_2,,西菅団地,,35.622679,139.525743,,,0,343,,,
344_1,,西長沢,,35.598923,139.533298,,,0,344,,,
344_2,,西長沢,,35.598789,139.532696,,,0,344,,,
345_1,,西原,,35.559277,139.614238,,,0,345,,,
345_2,,西原,,35.558791,139.614027,,,0,345,,,
346_1,,西平台,,35.583976,139.585090,,,0,346,,,
346_2,,西平台,,35.583685,139.586086,,,0,346,,,
347_1,,西水江,,35.513810,139.738058,,,0,347,,,
347_2,,西水江,,35.514176,139.737702,,,0,347,,,
348_1,,日光,,35.594427,139.506892,,,0,348,,,
348_2,,日光,,35.594918,139.507754,,,0,348,,,
349_1,,日生住宅,,35.592315,139.514254,,,0,349,,,
349_2,,日生住宅,,35.592453,139.515011,,,0,349,,,
349_3,,日生住宅,,35.593092,139.515095,,,0,349,,,
350_1,,ENEOS株式会社塩浜,,35.524914,139.750578,,,0,350,,,
350_2,,ENEOS株式会社塩浜,,35.525218,139.749337,,,0,350,,,
351_1,,千鳥町,,35.517579,139.757468,,,0,351,,,
351_2,,千鳥町,,35.518008,139.757102,,,0,351,,,
352_2,,日本食肉流通センター,,35.496791,139.766326,,,0,352,,,
353_1,,日本触媒前,,35.522323,139.753951,,,0,353,,,
353_2,,日本触媒前,,35.522111,139.753966,,,0,353,,,
353_3,,日本触媒前,,35.521325,139.754158,,,0,353,,,
355_1,,子の神,,35.570859,139.599182,,,0,355,,,
355_2,,子の神,,35.571009,139.599033,,,0,355,,,
356_1,,能満寺,,35.575453,139.622006,,,0,356,,,
356_2,,能満寺,,35.574581,139.620261,,,0,356,,,
356_4,,能満寺,,35.574580,139.620803,,,0,356,,,
357_1,,野川,,35.573673,139.618417,,,0,357,,,
357_2,,野川,,35.572350,139.616512,,,0,357,,,
357_3,,野川,,35.572742,139.617625,,,0,357,,,
357_4,,野川,,35.572759,139.615650,,,0,357,,,
358_1,,野川くぬぎ坂,,35.571058,139.615914,,,0,358,,,
358_2,,野川くぬぎ坂,,35.570192,139.616063,,,0,358,,,
359_1,,野川小学校前,,35.574521,139.612312,,,0,359,,,
359_2,,野川小学校前,,35.575400,139.611976,,,0,359,,,
360_1,,野川中里,,35.580284,139.610534,,,0,360,,,
360_2,,野川中里,,35.579448,139.610883,,,0,360,,,
361_1,,野川郵便局前,,35.573041,139.614554,,,0,361,,,
361_2,,野川郵便局前,,35.573344,139.613488,,,0,361,,,
362_1,,登戸駅（生田緑地口）,,35.620250,139.570289,,,0,362,,,
362_2,,登戸駅（生田緑地口）,,35.620550,139.569589,,,0,362,,,
363_2,,登戸駅（溝０６、登１４系統）,,35.619679,139.568804,,,0,363,,,
364_1,,登戸第１公園前,,35.622154,139.566244,,,0,364,,,
364_2,,登戸第１公園前,,35.622392,139.567079,,,0,364,,,
365_1,,登戸駅多摩川口,,35.621027,139.570003,,,0,365,,,
365_2,,登戸駅多摩川口,,35.621314,139.569596,,,0,365,,,
366_1,,登戸新町,,35.624637,139.562519,,,0,366,,,
366_2,,登戸新町,,35.626482,139.563356,,,0,366,,,
367_1,,梅林,,35.606982,139.608838,,,0,367,,,
367_2,,梅林,,35.606848,139.609303,,,0,367,,,
368_1,,白山一丁目,,35.589739,139.512082,,,0,368,,,
368_2,,白山一丁目,,35.589762,139.512239,,,0,368,,,
369_1,,白山北緑地前,,35.591402,139.513511,,,0,369,,,
369_2,,白山北緑地前,,35.591402,139.513505,,,0,369,,,
370_1,,白山神社,,35.588602,139.511328,,,0,370,,,
370_2,,白山神社,,35.588452,139.511322,,,0,370,,,
371_1,,日本映画大学,,35.591364,139.511227,,,0,371,,,
371_2,,日本映画大学,,35.591722,139.510973,,,0,371,,,
372_1,,橋下,,35.622687,139.564439,,,0,372,,,
372_2,,橋下,,35.623423,139.565931,,,0,372,,,
373_2,,八幡神社前,,35.561250,139.675131,,,0,373,,,
374_2,,八幡町,,35.580390,139.667202,,,0,374,,,
375_1,,初山,,35.599921,139.566019,,,0,375,,,
375_2,,初山,,35.599909,139.566343,,,0,375,,,
376_1,,花島,,35.582474,139.507392,,,0,376,,,
376_2,,花島,,35.583028,139.507139,,,0,376,,,
377_1,,浜町三丁目,,35.516204,139.719901,,,0,377,,,
377_2,,浜町三丁目,,35.516081,139.719705,,,0,377,,,
378_1,,浜町二丁目,,35.514521,139.720886,,,0,378,,,
378_2,,浜町二丁目,,35.514476,139.720670,,,0,378,,,
378_4,,浜町二丁目,,35.513443,139.719637,,,0,378,,,
378_5,,浜町二丁目,,35.513687,139.719573,,,0,378,,,
379_1,,浜町四丁目,,35.514968,139.722292,,,0,379,,,
379_2,,浜町四丁目,,35.514725,139.722390,,,0,379,,,
380_1,,原ヶ谷,,35.600250,139.570193,,,0,380,,,
380_2,,原ヶ谷,,35.600484,139.569918,,,0,380,,,
381_1,,稗原,,35.594201,139.537565,,,0,381,,,
381_2,,稗原,,35.594453,139.536811,,,0,381,,,
381_3,,稗原,,35.593453,139.536525,,,0,381,,,
381_4,,稗原,,35.593692,139.537623,,,0,381,,,
382_1,,稗原小学校前,,35.596436,139.543267,,,0,382,,,
382_2,,稗原小学校前,,35.596311,139.542486,,,0,382,,,
383_1,,東扇島福利厚生センター前,,35.495626,139.758012,,,0,383,,,
383_2,,東扇島福利厚生センター前,,35.495475,139.758152,,,0,383,,,
384_1,,東有馬第一団地前,,35.571887,139.595922,,,0,384,,,
384_2,,東有馬第一団地前,,35.571488,139.594601,,,0,384,,,
385_2,,東扇島十七番地,,35.500229,139.756872,,,0,385,,,
386_1,,東小倉,,35.544096,139.676359,,,0,386,,,
386_2,,東小倉,,35.543771,139.675783,,,0,386,,,
387_1,,東小倉小学校,,35.546209,139.674061,,,0,387,,,
388_1,,東柿生小学校,,35.579795,139.510534,,,0,388,,,
388_2,,東柿生小学校,,35.579642,139.510884,,,0,388,,,
389_1,,東苅宿,,35.560097,139.665216,,,0,389,,,
389_2,,東苅宿,,35.559472,139.664813,,,0,389,,,
39_1,,裏門坂,,35.586849,139.518866,,,0,39,,,
39_2,,裏門坂,,35.586726,139.518751,,,0,39,,,
390_1,,東住吉小学校,,35.568767,139.658347,,,0,390,,,
390_2,,東住吉小学校,,35.569174,139.658778,,,0,390,,,
391_1,,東土渕,,35.622988,139.547301,,,0,391,,,
391_2,,東土渕,,35.622703,139.547815,,,0,391,,,
392_1,,東長沢,,35.601955,139.542208,,,0,392,,,
392_2,,東長沢,,35.601852,139.542085,,,0,392,,,
393_1,,東平台,,35.582836,139.590981,,,0,393,,,
393_2,,東平台,,35.583009,139.589495,,,0,393,,,
395_1,,東古市場,,35.551810,139.692557,,,0,395,,,
395_2,,東古市場,,35.551856,139.691917,,,0,395,,,
396_1,,久末,,35.564780,139.611625,,,0,396,,,
396_2,,久末,,35.564818,139.610975,,,0,396,,,
397_1,,久末住宅前,,35.571379,139.621362,,,0,397,,,
397_2,,久末住宅前,,35.571354,139.621499,,,0,397,,,
398_1,,久末団地,,35.560743,139.615318,,,0,398,,,
398_2,,久末団地,,35.560561,139.614900,,,0,398,,,
399_1,,久末谷戸,,35.567769,139.625452,,,0,399,,,
4_1,,川崎港郵便局前,,35.512477,139.721166,,,0,4,,,
4_2,,川崎港郵便局前,,35.512248,139.721075,,,0,4,,,
400_1,,久本,,35.595909,139.613202,,,0,400,,,
400_2,,久本,,35.595522,139.613497,,,0,400,,,
401_1,,王禅寺東三丁目,,35.586820,139.521936,,,0,401,,,
401_2,,王禅寺東三丁目,,35.586699,139.520684,,,0,401,,,
402_1,,日立造船入口,,35.508959,139.740696,,,0,402,,,
402_2,,日立造船入口,,35.508834,139.740586,,,0,402,,,
404_1,,日吉,,35.590474,139.521467,,,0,404,,,
404_2,,日吉,,35.590534,139.521550,,,0,404,,,
405_1,,日吉小学校前,,35.549435,139.670006,,,0,405,,,
405_2,,日吉小学校前,,35.549450,139.670093,,,0,405,,,
406_1,,日吉中学校前,,35.553987,139.660330,,,0,406,,,
406_2,,日吉中学校前,,35.554711,139.661442,,,0,406,,,
407_1,,日吉ノ辻,,35.587914,139.523304,,,0,407,,,
407_2,,日吉ノ辻,,35.588073,139.523210,,,0,407,,,
408_1,,平野,,35.608062,139.540940,,,0,408,,,
408_2,,平野,,35.607730,139.540852,,,0,408,,,
409_1,,平間駅入口,,35.560806,139.669273,,,0,409,,,
409_2,,平間駅入口,,35.561003,139.669806,,,0,409,,,
41_1,,江川町,,35.546457,139.660105,,,0,41,,,
41_2,,江川町,,35.546158,139.660097,,,0,41,,,
41_3,,江川町,,35.545000,139.660641,,,0,41,,,
410_1,,平間駅前,,35.561349,139.670476,,,0,410,,,
410_2,,平間駅前,,35.561171,139.671143,,,0,410,,,
411_1,,平間銀座,,35.560016,139.674876,,,0,411,,,
411_2,,平間銀座,,35.560442,139.674388,,,0,411,,,
412_1,,平間小学校前,,35.556456,139.677445,,,0,412,,,
412_2,,平間小学校前,,35.556910,139.676924,,,0,412,,,
413_1,,藤崎四丁目,,35.524863,139.721715,,,0,413,,,
413_2,,藤崎四丁目,,35.524725,139.721804,,,0,413,,,
414_1,,藤崎一丁目,,35.529577,139.723577,,,0,414,,,
414_2,,藤崎一丁目,,35.529405,139.722223,,,0,414,,,
415_1,,富士通裏門,,35.585933,139.640465,,,0,415,,,
415_2,,富士通裏門,,35.585579,139.641407,,,0,415,,,
415_3,,富士通裏門,,35.585879,139.640320,,,0,415,,,
416_1,,富士通ゼネラル正門,,35.590533,139.619722,,,0,416,,,
416_2,,富士通ゼネラル正門,,35.590601,139.619394,,,0,416,,,
417_1,,富士通ゼネラル西門,,35.590483,139.617282,,,0,417,,,
417_2,,富士通ゼネラル西門,,35.590543,139.617360,,,0,417,,,
418_1,,富士見台,,35.592895,139.614894,,,0,418,,,
418_2,,富士見台,,35.592373,139.615276,,,0,418,,,
419_2,,富士見台小学校前,,35.587102,139.579730,,,0,419,,,
42_1,,高津中学校入口,,35.593217,139.618769,,,0,42,,,
42_2,,高津中学校入口,,35.593423,139.618669,,,0,42,,,
420_1,,古市場一丁目,,35.553213,139.686431,,,0,420,,,
420_2,,古市場一丁目,,35.553164,139.686339,,,0,420,,,
421_1,,古市場交番前,,35.555171,139.683182,,,0,421,,,
421_2,,古市場交番前,,35.555124,139.683118,,,0,421,,,
422_1,,古市場二丁目,,35.555752,139.681615,,,0,422,,,
422_2,,古市場二丁目,,35.555740,139.681465,,,0,422,,,
423_1,,北部市場前,,35.592244,139.548901,,,0,423,,,
423_2,,北部市場前,,35.592395,139.548974,,,0,423,,,
424_1,,星が丘歩道橋,,35.626194,139.527163,,,0,424,,,
424_2,,星が丘歩道橋,,35.625874,139.527197,,,0,424,,,
425_1,,馬絹,,35.582184,139.594323,,,0,425,,,
425_2,,馬絹,,35.582070,139.594381,,,0,425,,,
426_1,,馬絹神社前,,35.581529,139.598406,,,0,426,,,
426_2,,馬絹神社前,,35.581426,139.598382,,,0,426,,,
427_1,,丸子通二丁目,,35.582144,139.662163,,,0,427,,,
428_2,,丸子橋,,35.583307,139.665025,,,0,428,,,
429_1,,水江町,,35.506713,139.741910,,,0,429,,,
429_2,,水江町,,35.506729,139.741714,,,0,429,,,
43_1,,池上町,,35.517417,139.736017,,,0,43,,,
43_2,,池上町,,35.517362,139.735864,,,0,43,,,
430_1,,水沢一丁目,,35.592726,139.545747,,,0,430,,,
430_2,,水沢一丁目,,35.593097,139.544284,,,0,430,,,
431_1,,溝口,,35.601867,139.611406,,,0,431,,,
431_2,,溝口,,35.601500,139.611802,,,0,431,,,
433_1,,溝口駅前,,35.599183,139.611350,,,0,433,,,
433_2,,溝口駅前,,35.599294,139.611188,,,0,433,,,
433_3,,溝口駅前,,35.599446,139.611003,,,0,433,,,
433_6,,溝口駅前,,35.599809,139.610938,,,0,433,,,
433_7,,溝口駅前,,35.599733,139.611223,,,0,433,,,
434_1,,溝口駅南口,,35.599086,139.610379,,,0,434,,,
434_2,,溝口駅南口,,35.599187,139.610237,,,0,434,,,
434_3,,溝口駅南口,,35.599193,139.609884,,,0,434,,,
434_4,,溝口駅南口,,35.598992,139.609732,,,0,434,,,
434_5,,溝口駅南口,,35.599003,139.610027,,,0,434,,,
435_1,,三田橋,,35.572958,139.578066,,,0,435,,,
435_2,,三田橋,,35.573205,139.577483,,,0,435,,,
436_1,,三田一丁目,,35.613188,139.539710,,,0,436,,,
436_2,,三田一丁目,,35.612815,139.539809,,,0,436,,,
437_1,,三田四丁目,,35.610889,139.540860,,,0,437,,,
437_2,,三田四丁目,,35.610788,139.540835,,,0,437,,,
438_1,,三井第四住宅,,35.588230,139.515000,,,0,438,,,
438_2,,三井第四住宅,,35.588503,139.514994,,,0,438,,,
44_1,,ＪＦＥ池上正門前,,35.518738,139.734619,,,0,44,,,
44_2,,ＪＦＥ池上正門前,,35.519416,139.733689,,,0,44,,,
440_2,,東扇島東公園前,,35.502191,139.769979,,,0,440,,,
441_1,,三菱ふそう前,,35.558153,139.663351,,,0,441,,,
441_2,,三菱ふそう前,,35.558621,139.662914,,,0,441,,,
441_4,,三菱ふそう前,,35.556991,139.663083,,,0,441,,,
442_1,,南生田一丁目,,35.606091,139.529030,,,0,442,,,
442_2,,南生田一丁目,,35.606594,139.529731,,,0,442,,,
443_1,,南生田三丁目,,35.604075,139.533050,,,0,443,,,
443_2,,南生田三丁目,,35.603793,139.532929,,,0,443,,,
444_1,,南生田小学校前,,35.607145,139.533381,,,0,444,,,
444_2,,南生田小学校前,,35.607302,139.534035,,,0,444,,,
445_1,,南生田二丁目,,35.605068,139.531336,,,0,445,,,
445_2,,南生田二丁目,,35.605035,139.530470,,,0,445,,,
446_1,,南生田保育園前,,35.606401,139.532509,,,0,446,,,
446_2,,南生田保育園前,,35.606356,139.532351,,,0,446,,,
447_1,,南生田四丁目,,35.602304,139.536730,,,0,447,,,
447_2,,南生田四丁目,,35.601804,139.537358,,,0,447,,,
448_1,,南加瀬交番前,,35.540200,139.662855,,,0,448,,,
449_1,,南加瀬住宅前,,35.545365,139.663547,,,0,449,,,
449_2,,南加瀬住宅前,,35.545316,139.663429,,,0,449,,,
45_1,,ＪＦＥ扇島正門前,,35.507387,139.741538,,,0,45,,,
45_2,,ＪＦＥ扇島正門前,,35.507966,139.741085,,,0,45,,,
450_1,,南幸町二丁目,,35.531651,139.691518,,,0,450,,,
450_2,,南幸町二丁目,,35.532048,139.690170,,,0,450,,,
451_1,,南下平間,,35.548051,139.683578,,,0,451,,,
451_2,,南下平間,,35.548631,139.682833,,,0,451,,,
452_1,,南野川,,35.565964,139.602066,,,0,452,,,
452_2,,南野川,,35.566059,139.601716,,,0,452,,,
454_3,,宮内,,35.587714,139.642370,,,0,454,,,
454_4,,宮内,,35.587566,139.642383,,,0,454,,,
455_1,,宮内公民館前,,35.588975,139.642658,,,0,455,,,
455_2,,宮内公民館前,,35.589485,139.642822,,,0,455,,,
457_1,,都町,,35.537086,139.691901,,,0,457,,,
458_1,,宮ノ下,,35.599217,139.598019,,,0,458,,,
458_2,,宮ノ下,,35.599201,139.597240,,,0,458,,,
459_1,,宮前,,35.529634,139.705725,,,0,459,,,
459_2,,宮前,,35.529442,139.705618,,,0,459,,,
46_1,,ＪＦＥ前,,35.512540,139.716058,,,0,46,,,
46_2,,ＪＦＥ前,,35.511826,139.716015,,,0,46,,,
460_1,,宮前区役所前,,35.588487,139.578411,,,0,460,,,
460_2,,宮前区役所前,,35.588487,139.578411,,,0,460,,,
461_1,,宮前平駅,,35.584698,139.581946,,,0,461,,,
461_2,,宮前平駅,,35.584710,139.581668,,,0,461,,,
461_3,,宮前平駅,,35.584762,139.581532,,,0,461,,,
461_4,,宮前平駅,,35.585047,139.581624,,,0,461,,,
461_5,,宮前平駅,,35.585083,139.581906,,,0,461,,,
462_1,,御幸公園前,,35.550857,139.694306,,,0,462,,,
462_2,,御幸公園前,,35.551498,139.693773,,,0,462,,,
463_1,,御幸小学校前,,35.543841,139.691998,,,0,463,,,
463_2,,御幸小学校前,,35.543575,139.692353,,,0,463,,,
463_3,,御幸小学校前,,35.544912,139.691741,,,0,463,,,
463_4,,御幸小学校前,,35.543453,139.690800,,,0,463,,,
464_1,,明王,,35.621631,139.550984,,,0,464,,,
464_2,,明王,,35.621552,139.550917,,,0,464,,,
465_1,,妙光寺前,,35.545853,139.696343,,,0,465,,,
465_2,,妙光寺前,,35.546184,139.696241,,,0,465,,,
466_1,,妙法寺下,,35.566534,139.613773,,,0,466,,,
466_2,,妙法寺下,,35.566271,139.613563,,,0,466,,,
467_1,,向丘出張所,,35.599434,139.576964,,,0,467,,,
467_2,,向丘出張所,,35.599001,139.575263,,,0,467,,,
468_1,,川崎西部地域療育センター前,,35.601755,139.569121,,,0,468,,,
468_2,,川崎西部地域療育センター前,,35.601564,139.569140,,,0,468,,,
469_1,,向丘中学校下,,35.600396,139.580331,,,0,469,,,
469_2,,向丘中学校下,,35.600269,139.580250,,,0,469,,,
47_1,,遠藤町,,35.542827,139.694040,,,0,47,,,
47_2,,遠藤町,,35.542599,139.694092,,,0,47,,,
471_1,,向河原駅入口,,35.573902,139.668834,,,0,471,,,
471_2,,向河原駅入口,,35.574036,139.668651,,,0,471,,,
472_1,,藤子・Ｆ・不二雄ミュージアム,,35.610258,139.573127,,,0,472,,,
472_2,,藤子・Ｆ・不二雄ミュージアム,,35.610279,139.573764,,,0,472,,,
472_3,,藤子・Ｆ・不二雄ミュージアム,,35.610152,139.573676,,,0,472,,,
473_2,,向丘遊園駅入口,,35.615083,139.565975,,,0,473,,,
474_1,,向丘遊園駅南口,,35.616719,139.564488,,,0,474,,,
474_5,,向丘遊園駅南口,,35.616621,139.564756,,,0,474,,,
474_6,,向丘遊園駅南口,,35.616770,139.564452,,,0,474,,,
476_1,,餅井坂,,35.597208,139.529166,,,0,476,,,
476_2,,餅井坂,,35.597317,139.529367,,,0,476,,,
477_1,,元住吉,,35.564113,139.655640,,,0,477,,,
477_2,,元住吉,,35.564198,139.655878,,,0,477,,,
479_1,,森ヶ丘団地入口,,35.585724,139.503586,,,0,479,,,
479_2,,森ヶ丘団地入口,,35.585666,139.503366,,,0,479,,,
48_1,,追分,,35.521182,139.712252,,,0,48,,,
48_2,,追分,,35.522457,139.713009,,,0,48,,,
481_1,,矢尻,,35.581658,139.597061,,,0,481,,,
481_2,,矢尻,,35.581574,139.596865,,,0,481,,,
482_1,,谷中,,35.566878,139.623949,,,0,482,,,
482_2,,谷中,,35.567453,139.624487,,,0,482,,,
484_1,,山口台中央,,35.594966,139.505380,,,0,484,,,
484_2,,山口台中央,,35.595762,139.505914,,,0,484,,,
485_1,,山崎,,35.568571,139.615633,,,0,485,,,
485_2,,山崎,,35.568401,139.615580,,,0,485,,,
486_1,,雪ヶ坂,,35.612414,139.569986,,,0,486,,,
486_2,,雪ヶ坂,,35.612403,139.570139,,,0,486,,,
487_1,,夢見ヶ崎動物公園前,,35.545174,139.668104,,,0,487,,,
487_2,,夢見ヶ崎動物公園前,,35.545126,139.667747,,,0,487,,,
488_1,,百合丘カントリー倶楽部前,,35.593940,139.509650,,,0,488,,,
488_2,,百合丘カントリー倶楽部前,,35.594189,139.509740,,,0,488,,,
489_1,,百合丘高校裏,,35.602570,139.535233,,,0,489,,,
489_2,,百合丘高校裏,,35.602453,139.534468,,,0,489,,,
49_1,,王禅寺口,,35.578820,139.514659,,,0,49,,,
49_2,,王禅寺口,,35.578658,139.513982,,,0,49,,,
490_1,,百合丘高校前,,35.599765,139.535485,,,0,490,,,
490_2,,百合丘高校前,,35.599573,139.534809,,,0,490,,,
491_1,,百合丘ファミリーテニスクラブ前,,35.589741,139.515486,,,0,491,,,
491_2,,百合丘ファミリーテニスクラブ前,,35.590257,139.515553,,,0,491,,,
492_1,,影向寺,,35.576510,139.624340,,,0,492,,,
492_2,,影向寺,,35.576243,139.623395,,,0,492,,,
493_1,,養福寺,,35.584911,139.613627,,,0,493,,,
493_2,,養福寺,,35.585010,139.614828,,,0,493,,,
494_1,,四谷,,35.525338,139.734861,,,0,494,,,
494_2,,四谷,,35.525417,139.735513,,,0,494,,,
495_1,,四谷上町,,35.529409,139.736330,,,0,495,,,
495_2,,四谷上町,,35.529412,139.735954,,,0,495,,,
496_1,,四谷下町,,35.527686,139.739248,,,0,496,,,
496_2,,四谷下町,,35.527942,139.738696,,,0,496,,,
497_1,,緑地,,35.597827,139.562474,,,0,497,,,
497_2,,緑地,,35.597419,139.562451,,,0,497,,,
498_1,,臨港警察署前,,35.523227,139.729570,,,0,498,,,
498_2,,臨港警察署前,,35.522604,139.730242,,,0,498,,,
498_4,,臨港警察署前,,35.522654,139.731624,,,0,498,,,
498_5,,臨港警察署前,,35.522868,139.731382,,,0,498,,,
499_1,,臨港病院前,,35.525037,139.718748,,,0,499,,,
499_2,,臨港病院前,,35.524863,139.719218,,,0,499,,,
5_1,,宮前郵便局前,,35.575756,139.576713,,,0,5,,,
5_2,,宮前郵便局前,,35.576341,139.576455,,,0,5,,,
500_1,,蓮花寺前,,35.569550,139.622269,,,0,500,,,
500_2,,蓮花寺前,,35.569838,139.622193,,,0,500,,,
501_1,,労災病院前,,35.566223,139.657754,,,0,501,,,
501_2,,労災病院前,,35.566197,139.657621,,,0,501,,,
501_4,,労災病院前,,35.567579,139.657870,,,0,501,,,
501_5,,労災病院前,,35.567742,139.657757,,,0,501,,,
502_1,,労働会館前,,35.529577,139.712538,,,0,502,,,
502_2,,労働会館前,,35.529337,139.712305,,,0,502,,,
503_1,,鷲ヶ峰営業所前,,35.597637,139.538585,,,0,503,,,
503_2,,鷲ヶ峰営業所前,,35.598550,139.538603,,,0,503,,,
504_1,,和田八幡宮下,,35.565845,139.606767,,,0,504,,,
504_2,,和田八幡宮下,,35.565792,139.606722,,,0,504,,,
505_1,,渡田三丁目,,35.518938,139.703618,,,0,505,,,
505_2,,渡田三丁目,,35.518723,139.703658,,,0,505,,,
506_1,,渡田新町,,35.521125,139.700448,,,0,506,,,
506_2,,渡田新町,,35.521172,139.700103,,,0,506,,,
507_1,,渡田向町,,35.520152,139.701829,,,0,507,,,
507_2,,渡田向町,,35.519947,139.701859,,,0,507,,,
508_1,,川崎病院,,35.526334,139.706321,,,0,508,,,
508_2,,川崎病院,,35.526334,139.706321,,,0,508,,,
509_2,,菅三丁目,,35.637285,139.524653,,,0,509,,,
510_2,,菅四丁目,,35.637273,139.526756,,,0,510,,,
511_1,,新城駅前,,35.586831,139.629958,,,0,511,,,
511_2,,新城駅前,,35.586820,139.629973,,,0,511,,,
513_2,,中丸子西町（川７４）,,35.570389,139.671288,,,0,513,,,
514_1,,ＧＬＰ川崎前,,35.521179,139.732034,,,0,514,,,
515_1,,かわさき南部斎苑,,35.517013,139.738466,,,0,515,,,
515_2,,かわさき南部斎苑,,35.516865,139.738574,,,0,515,,,
516_1,,川崎駅ラゾーナ広場,,35.532371,139.696952,,,0,516,,,
516_85,,川崎駅ラゾーナ広場,,35.532707,139.697355,,,0,516,,,
516_86,,川崎駅ラゾーナ広場,,35.532606,139.697190,,,0,516,,,
516_87,,川崎駅ラゾーナ広場,,35.532539,139.697018,,,0,516,,,
518_1,,多摩老人福祉センター前,,35.630159,139.561398,,,0,518,,,
518_2,,多摩老人福祉センター前,,35.630164,139.561462,,,0,518,,,
519_1,,中野島多摩川住宅,,35.632233,139.558273,,,0,519,,,
519_2,,中野島多摩川住宅,,35.632233,139.558273,,,0,519,,,
52_1,,大ヶ谷戸,,35.586312,139.632161,,,0,52,,,
52_2,,大ヶ谷戸,,35.586390,139.631873,,,0,52,,,
520_1,,横須賀線小杉駅,,35.573604,139.662696,,,0,520,,,
520_2,,横須賀線小杉駅,,35.573604,139.662696,,,0,520,,,
522_1,,川崎港コンテナターミナル入口,,35.491930,139.750318,,,0,522,,,
522_2,,川崎港コンテナターミナル入口,,35.492143,139.750235,,,0,522,,,
523_1,,posco前,,35.490801,139.747570,,,0,523,,,
523_2,,posco前,,35.491080,139.747849,,,0,523,,,
524_1,,山九物流センター前,,35.490047,139.745883,,,0,524,,,
524_2,,山九物流センター前,,35.490156,139.745798,,,0,524,,,
525_1,,東扇島西公園前,,35.489353,139.744401,,,0,525,,,
525_2,,東扇島西公園前,,35.489459,139.744198,,,0,525,,,
526_1,,生田緑地入口,,35.611432,139.564348,,,0,526,,,
526_2,,生田緑地入口,,35.611199,139.563952,,,0,526,,,
527_2,,東生田,,35.607142,139.564021,,,0,527,,,
528_2,,中河原公園前,,35.631269,139.558433,,,0,528,,,
529_1,,東大島郵便局前,,35.524362,139.717937,,,0,529,,,
529_2,,東大島郵便局前,,35.524772,139.717888,,,0,529,,,
53_1,,扇橋,,35.509305,139.722673,,,0,53,,,
53_2,,扇橋,,35.509269,139.722584,,,0,53,,,
530_1,,生田緑地,,35.610012,139.562832,,,0,530,,,
531_1,,カワサキアイランドスイート,,35.513605,139.707112,,,0,531,,,
531_2,,カワサキアイランドスイート,,35.513744,139.707136,,,0,531,,,
532_1,,小田栄２丁目公園前,,35.512450,139.710975,,,0,532,,,
532_2,,小田栄２丁目公園前,,35.512574,139.710817,,,0,532,,,
533_1,,小杉駅東口,,35.576123,139.660509,,,0,533,,,
533_2,,小杉駅東口,,35.576125,139.660509,,,0,533,,,
534_1,,白山南緑地前,,35.586160,139.509339,,,0,534,,,
534_2,,白山南緑地前,,35.586283,139.509548,,,0,534,,,
535_2,,新川崎交通広場,,35.551484,139.670006,,,0,535,,,
536_1,,小杉駅入口グランツリー前,,35.572493,139.660561,,,0,536,,,
537_2,,たまプラーザ駅,,35.577980,139.558700,,,0,537,,,
538_1,,美しの森入口,,35.583582,139.561832,,,0,538,,,
538_2,,美しの森入口,,35.583284,139.561950,,,0,538,,,
539_1,,美しの森中央,,35.584390,139.560546,,,0,539,,,
539_2,,美しの森中央,,35.584599,139.559957,,,0,539,,,
54_1,,扇町,,35.502623,139.726968,,,0,54,,,
540_1,,くすのき公園,,35.585947,139.559611,,,0,540,,,
540_2,,くすのき公園,,35.585929,139.559825,,,0,540,,,
541_1,,さくらの丘公園入口,,35.585055,139.561207,,,0,541,,,
541_2,,さくらの丘公園入口,,35.584943,139.561578,,,0,541,,,
542_1,,宮前美しの森公園,,35.584139,139.562917,,,0,542,,,
542_2,,宮前美しの森公園,,35.584061,139.563500,,,0,542,,,
543_1,,犬蔵二丁目,,35.584506,139.564886,,,0,543,,,
543_2,,犬蔵二丁目,,35.585108,139.565419,,,0,543,,,
544_2,,末長三丁目,,35.591126,139.616056,,,0,544,,,
545_1,,東百合丘四丁目,,35.595550,139.522584,,,0,545,,,
545_2,,東百合丘四丁目,,35.595014,139.523827,,,0,545,,,
546_1,,王禅寺公園,,35.595484,139.518666,,,0,546,,,
546_2,,王禅寺公園,,35.594952,139.517995,,,0,546,,,
547_1,,土橋南公園,,35.582349,139.570370,,,0,547,,,
547_2,,土橋南公園,,35.582458,139.570108,,,0,547,,,
548_1,,土橋四丁目,,35.584731,139.570228,,,0,548,,,
548_2,,土橋四丁目,,35.585041,139.570808,,,0,548,,,
549_1,,菅生,,35.600742,139.552771,,,0,549,,,
549_2,,菅生,,35.600061,139.553439,,,0,549,,,
55_1,,大島五丁目,,35.525158,139.716451,,,0,55,,,
55_2,,大島五丁目,,35.525024,139.716604,,,0,55,,,
551_1,,大ヶ谷戸向町,,35.588978,139.633599,,,0,551,,,
551_2,,大ヶ谷戸向町,,35.589104,139.633884,,,0,551,,,
56_1,,大島三丁目,,35.520679,139.717968,,,0,56,,,
56_2,,大島三丁目,,35.520991,139.717864,,,0,56,,,
57_1,,大島第２公園入口,,35.522661,139.717784,,,0,57,,,
57_2,,大島第２公園入口,,35.522795,139.717754,,,0,57,,,
58_1,,大島四ツ角,,35.518402,139.718001,,,0,58,,,
58_2,,大島四ツ角,,35.518058,139.718066,,,0,58,,,
59_1,,大島四丁目,,35.525809,139.713563,,,0,59,,,
59_2,,大島四丁目,,35.525159,139.714143,,,0,59,,,
59_3,,大島四丁目,,35.524739,139.713413,,,0,59,,,
59_4,,大島四丁目,,35.524460,139.713169,,,0,59,,,
6_1,,有馬第二団地前,,35.571515,139.587546,,,0,6,,,
6_2,,有馬第二団地前,,35.571383,139.588221,,,0,6,,,
6_3,,有馬第二団地前,,35.571530,139.587626,,,0,6,,,
60_1,,大戸小学校前,,35.579285,139.637655,,,0,60,,,
60_2,,大戸小学校前,,35.579067,139.637136,,,0,60,,,
61_1,,大戸神社前,,35.579871,139.640272,,,0,61,,,
62_1,,大原,,35.587555,139.608762,,,0,62,,,
62_2,,大原,,35.587568,139.608649,,,0,62,,,
63_1,,大谷団地入口,,35.564212,139.621722,,,0,63,,,
63_2,,大谷団地入口,,35.563861,139.621470,,,0,63,,,
65_1,,小倉,,35.543851,139.670408,,,0,65,,,
65_2,,小倉,,35.544261,139.669705,,,0,65,,,
66_1,,小倉下町,,35.539349,139.672833,,,0,66,,,
67_1,,小倉神社前,,35.539400,139.670088,,,0,67,,,
68_1,,小倉陸橋,,35.540997,139.672745,,,0,68,,,
69_1,,おし沼,,35.605954,139.565420,,,0,69,,,
69_2,,おし沼,,35.605928,139.565169,,,0,69,,,
7_1,,飯室,,35.613704,139.567376,,,0,7,,,
7_2,,飯室,,35.614104,139.566683,,,0,7,,,
70_1,,小田栄,,35.515980,139.707945,,,0,70,,,
70_2,,小田栄,,35.515966,139.707657,,,0,70,,,
70_3,,小田栄,,35.517091,139.707971,,,0,70,,,
70_4,,小田栄,,35.516935,139.708070,,,0,70,,,
71_1,,柿生駅前,,35.589220,139.499426,,,0,71,,,
71_2,,柿生駅前,,35.589161,139.499214,,,0,71,,,
72_1,,柿生中学校下,,35.587600,139.499556,,,0,72,,,
72_2,,柿生中学校下,,35.588087,139.498970,,,0,72,,,
73_1,,梶ヶ谷駅,,35.594246,139.604968,,,0,73,,,
73_4,,梶ヶ谷駅,,35.594176,139.605073,,,0,73,,,
74_2,,梶ヶ谷二丁目,,35.591714,139.602422,,,0,74,,,
75_1,,とどろきアリーナ前,,35.586609,139.646532,,,0,75,,,
75_2,,とどろきアリーナ前,,35.587117,139.646220,,,0,75,,,
76_1,,ガス橋,,35.563715,139.675648,,,0,76,,,
76_2,,ガス橋,,35.562212,139.676951,,,0,76,,,
77_1,,金山,,35.582597,139.603722,,,0,77,,,
77_2,,金山,,35.582365,139.603170,,,0,77,,,
78_2,,蟹ヶ谷,,35.563234,139.628006,,,0,78,,,
78_3,,蟹ヶ谷,,35.563070,139.628142,,,0,78,,,
78_4,,蟹ヶ谷,,35.563277,139.627970,,,0,78,,,
79_1,,上河原,,35.592733,139.646328,,,0,79,,,
79_2,,上河原,,35.592817,139.646147,,,0,79,,,
8_2,,福岡運輸東京支店前,,35.499625,139.771704,,,0,8,,,
80_1,,上小田中,,35.578687,139.646071,,,0,80,,,
80_2,,上小田中,,35.578982,139.645397,,,0,80,,,
81_1,,上作団地前,,35.600674,139.592085,,,0,81,,,
81_2,,上作団地前,,35.600723,139.591350,,,0,81,,,
82_1,,上作延,,35.599691,139.595095,,,0,82,,,
82_2,,上作延,,35.600034,139.593893,,,0,82,,,
84_1,,上野川,,35.577025,139.611720,,,0,84,,,
84_2,,上野川,,35.577942,139.611364,,,0,84,,,
85_1,,上之橋,,35.600618,139.602443,,,0,85,,,
85_2,,上之橋,,35.600555,139.602561,,,0,85,,,
86_1,,上平間,,35.556443,139.679919,,,0,86,,,
86_2,,上平間,,35.556371,139.680069,,,0,86,,,
86_3,,上平間,,35.556295,139.680095,,,0,86,,,
86_4,,上平間,,35.556298,139.679456,,,0,86,,,
87_1,,上平間公社住宅前,,35.554797,139.678617,,,0,87,,,
88_1,,上平間住宅前,,35.558433,139.676002,,,0,88,,,
88_2,,上平間住宅前,,35.558409,139.675840,,,0,88,,,
89_2,,上丸子,,35.576101,139.668722,,,0,89,,,
9_1,,生田駅,,35.614623,139.540624,,,0,9,,,
9_2,,生田駅,,35.614688,139.540384,,,0,9,,,
91_1,,カリタス学園,,35.628901,139.557422,,,0,91,,,
91_2,,カリタス学園,,35.628809,139.557825,,,0,91,,,
92_1,,苅宿,,35.561338,139.661184,,,0,92,,,
92_2,,苅宿,,35.562454,139.660295,,,0,92,,,
93_1,,川崎運送前,,35.522641,139.698304,,,0,93,,,
93_2,,川崎運送前,,35.522707,139.698036,,,0,93,,,
94_11,,川崎駅,,35.530606,139.698593,,,0,94,,,
94_12,,川崎駅,,35.530701,139.698581,,,0,94,,,
94_13,,川崎駅,,35.530813,139.698681,,,0,94,,,
94_14,,川崎駅,,35.530964,139.698827,,,0,94,,,
94_15,,川崎駅,,35.531060,139.698916,,,0,94,,,
94_19,,川崎駅,,35.530787,139.698932,,,0,94,,,
94_2,,川崎駅,,35.530367,139.698589,,,0,94,,,
94_23,,川崎駅,,35.530833,139.699251,,,0,94,,,
94_6,,川崎駅,,35.530299,139.698237,,,0,94,,,
95_1,,川崎駅西口,,35.531475,139.696198,,,0,95,,,
95_53,,川崎駅西口,,35.531030,139.695711,,,0,95,,,
95_54,,川崎駅西口,,35.531140,139.695949,,,0,95,,,
95_55,,川崎駅西口,,35.531257,139.696108,,,0,95,,,
97_1,,川崎小学校前,,35.525308,139.696213,,,0,97,,,
97_2,,川崎小学校前,,35.524677,139.696402,,,0,97,,,
98_1,,かわさきファズ物流センター前,,35.493425,139.752391,,,0,98,,,
98_2,,かわさきファズ物流センター前,,35.493432,139.752391,,,0,98,,,
98_3,,かわさきファズ物流センター前,,35.492992,139.752733,,,0,98,,,
98_4,,かわさきファズ物流センター前,,35.493216,139.752661,,,0,98,,,
99_2,,川崎マリエン前,,35.495937,139.764328,,,0,99,,,
